================================================
           RESULTADOS DO GRAFO
================================================

Arquivo de entrada : grafo_1.txt
Representacao      : Lista de adjacencia

================================================
  ESTATISTICAS DO GRAFO
================================================

Numero de vertices : 10000
Numero de arestas  : 109977
Grau minimo        : 8
Grau maximo        : 43
Grau medio         : 22.00
Mediana de grau    : 22.00


================================================
  COMPONENTES CONEXAS
================================================

Numero de componentes: 2

Componente 1 (tamanho: 10000)
Vertices: 1 8981 7959 3361 3958 2085 5947 1571 8693 6957 7346 6766 2684 3140 8663 2472 4421 9944 4102 6498 3304 9523 7443 3623 2435 1104 8851 9697 4602 1915 3527 1976 1481 4520 1785 4840 6756 6846 4185 4492 4836 9367 582 7551 2538 3448 5691 8832 6441 3605 1580 4080 931 1488 445 7675 2790 9317 9141 1402 4722 5477 4890 2439 9889 4049 6480 1858 3395 4756 7644 1316 4331 9144 2626 2201 6667 4536 9989 7487 1274 306 72 264 8928 7714 4658 7013 6479 116 1820 7185 1158 6424 5870 7233 9509 3968 9764 1930 6709 2716 1731 1255 6060 5935 665 1513 4605 365 7403 441 8217 1905 2825 1421 9326 3780 4394 2731 8868 5303 3971 6332 8448 8437 6111 8379 4586 5224 1793 8689 1925 1373 3252 5515 3144 4758 1786 8862 7672 3134 4072 3208 9678 2215 5148 4877 2075 6069 8804 9555 1197 3265 6402 6351 940 8433 3310 475 5917 6997 6438 4075 9736 5848 5270 4916 1926 2609 5176 3811 9584 1127 747 8229 4739 1957 9399 9586 3915 1461 9462 4298 9784 6526 9318 2591 3911 9690 7763 6916 9856 5152 2888 970 1191 1804 8517 8557 3118 1231 808 2345 3337 7020 2736 1773 1009 7059 6109 5264 6603 1523 7279 7579 2212 2702 3813 3105 7572 863 7268 9666 3944 9140 2288 533 7997 6573 3390 8967 3996 6224 614 3073 1448 1969 9338 8712 577 8528 7499 8216 5181 5472 510 3472 2177 2862 6694 2401 8129 3620 4551 9478 3365 6837 6639 9473 4091 8416 6340 4341 3022 8486 3663 4896 6283 8676 7849 9570 1636 5263 1039 152 6768 2723 1914 8254 701 822 2082 4025 811 1648 6679 7040 7513 7483 1188 8471 3656 6803 3863 7829 5778 4855 2160 9865 4731 5641 7089 5461 1063 696 7127 5775 5326 9082 2467 2681 7147 8948 5604 1312 5230 104 2272 523 5514 3098 5119 8373 9658 4956 5417 5441 2948 9919 8002 5930 9930 8272 8040 714 9683 2963 1822 7924 9741 869 7302 4891 5340 4981 8659 1190 8859 7071 540 5141 5728 3928 3854 4045 1189 2875 8308 2804 2778 4282 1753 5600 3315 6660 2534 7442 6045 3192 2010 32 2663 3541 5128 8766 6785 9336 1690 9119 7451 9771 7095 9054 4700 2682 7074 2512 4174 1869 1674 3993 2240 1354 1815 7821 6436 3421 966 3988 7512 7661 9526 9999 6691 2650 6484 2255 6839 7412 5971 8550 8627 3609 638 1955 3322 3716 6942 7332 6312 8932 5556 2165 2189 7123 6168 3897 1473 7869 5762 1089 9095 5943 9912 7494 2450 5041 9365 2844 5733 8366 2086 5843 2568 3300 1241 5209 592 6547 2695 5920 5681 8765 565 2542 6549 9046 3450 3486 2378 5541 6226 5077 8335 4032 149 9475 9686 7212 8898 8696 4779 7134 5633 634 8650 6107 6049 7497 6987 5226 9093 2280 5339 1383 5000 6092 5659 5402 1603 3574 6075 9099 9176 9626 4682 3514 4673 649 1871 866 8751 1467 788 6811 5791 235 5592 4005 9001 7744 8729 8755 4789 2477 133 9148 3744 7273 1092 3745 2809 1428 5986 6183 7428 6172 5734 6681 769 7910 5830 4640 9465 4839 1002 7940 2508 1625 5456 1952 1375 1116 17 4696 1483 2973 5684 4543 1277 5965 3831 7165 4335 2886 9531 4637 4179 1253 8822 6597 4865 344 7229 2035 5431 6782 8096 5635 951 6176 3049 3702 4121 5022 3463 8398 9352 5336 432 1400 362 9236 6778 8461 9301 7648 5584 1553 2321 3002 558 4023 4675 9134 4599 6009 3152 8926 3708 3214 8901 3717 5781 280 3101 6418 5985 771 868 6792 3312 6095 9714 9920 5766 8878 8200 218 1661 4191 6365 8484 3112 1502 5343 4832 8157 95 3393 7735 3242 3296 1153 6182 6129 1472 4150 4847 2831 7019 9108 4477 7779 6976 9650 8781 5051 4968 4447 6494 5292 9780 2773 247 8198 8828 766 7465 9135 6010 1623 2203 6359 8017 5902 857 8740 3837 5183 2822 1634 535 7539 7646 9739 7757 5360 8679 3823 5487 9398 631 7176 8152 8425 3861 2859 4297 3372 2983 6053 9201 8324 1281 479 4924 2142 1707 8970 6502 6363 4889 3371 6155 9719 4126 8953 717 5208 9330 6257 71 1266 88 1588 2584 3047 9213 4107 6909 245 6101 3511 4403 3994 673 4859 541 552 9034 201 2667 8875 8103 7832 6845 3513 4309 7285 6367 4808 2912 9215 9921 8704 2078 9727 3743 6170 6017 6192 3631 4732 8307 5889 97 7922 2528 324 328 7575 1230 8873 2492 7267 4279 5801 2962 4752 393 2205 4020 5620 2564 2044 6958 1130 7840 9497 9379 4338 1876 1322 6419 4066 2159 4255 2621 9137 6672 5040 2720 195 3997 5678 3906 6906 40 8472 7448 8861 193 6244 2763 1416 7495 3982 6693 2915 2637 6983 4939 4084 1549 9820 5146 6090 9802 8602 8349 4669 9745 6001 5615 2479 2143 6887 2105 6397 5744 8584 8791 640 2976 4560 8108 1415 8099 9776 718 3474 8615 2895 3835 8652 259 7873 1101 897 6290 2330 9955 8577 6759 5649 745 3639 4857 5822 8331 9463 9808 1570 4203 9243 2299 9765 7741 3357 7388 2014 1221 1119 9494 7078 5821 6093 6979 2098 5575 8259 651 4860 4252 8800 3671 6279 3111 1576 6369 8246 9549 1357 6711 5469 8492 837 1437 1790 6308 7188 5664 9439 6116 3129 2224 3845 4320 6627 1853 9265 6488 4281 9491 9391 9815 7231 7098 8750 2747 7678 1691 124 8796 929 8024 1350 5545 8938 3602 3313 197 6372 7249 7108 1071 2677 3431 3407 8395 6669 3761 4183 5465 311 1601 4422 2957 9359 7100 9730 9840 1152 2669 1662 909 5064 3247 8137 2248 9814 8524 8359 164 8253 9959 1960 9777 7953 2614 670 7837 4634 9738 6652 4854 5213 2936 6453 7242 8495 4671 3062 6124 5814 7888 3441 6303 7292 4213 619 9306 1364 5746 9931 968 5851 2061 8906 8692 261 3521 6898 3481 7965 3506 8507 4452 4905 2802 8919 6945 6967 5452 9120 5524 4083 606 2940 9258 8560 9723 4686 3491 6993 7182 3530 8490 1913 222 8643 7799 7553 5167 2466 4417 2977 9923 1974 6519 205 2191 3900 2811 5013 6797 8014 6607 8190 2032 9803 2169 9513 7921 52 1879 5242 9092 300 9374 4665 1888 85 4044 6005 5195 7009 6358 5710 5045 5708 904 9450 1844 850 4535 9048 8731 4262 5500 862 878 2446 7610 7230 4794 1904 8616 6813 4280 5192 4186 7962 7027 8770 6606 5764 4848 2594 3411 6593 8089 4364 8446 6019 1291 1327 7806 8836 5140 121 6961 7026 5375 4897 4814 3945 1361 348 3099 4500 8891 6175 4014 5268 216 262 170 6796 6545 3454 5954 7586 125 6914 8842 7584 1983 5701 1537 4266 1344 3693 430 4457 398 6135 2503 7699 2883 6231 1374 7422 5172 1971 7240 4263 4893 5793 7522 1651 5841 4290 9224 9124 8934 5234 45 583 6913 3525 2565 4881 5542 5540 7321 4259 6975 8044 2550 175 9357 7838 3524 2754 2464 4914 6525 5405 5939 7096 2879 4438 1988 4260 5012 7474 6173 9193 4493 9389 734 1780 6187 8683 7356 3094 4217 726 1880 1315 3145 6954 2072 7975 6318 6152 6062 4215 891 465 2519 9075 5153 8473 4178 4060 6280 9485 1409 9551 1018 8072 6276 944 7290 488 3426 1358 6850 6776 7168 1788 6227 2955 3354 2551 1524 2871 5313 8792 2900 8936 4086 8286 9221 4740 7175 9027 504 1388 4250 3223 8306 2954 7918 5342 2798 3882 4650 1338 4879 4219 3817 713 281 3796 799 4548 7377 7698 9659 1712 3515 1650 5296 9733 254 9425 9059 508 6067 5956 4140 760 2104 7842 3775 5151 9671 9876 6205 4188 8025 3083 754 4211 6828 5463 8079 1227 7526 3651 55 9638 1112 7429 9538 7255 5111 39 3003 419 5362 7560 9232 9558 8502 8571 5826 6472 685 1165 3771 6144 9679 1229 5723 4951 2243 7989 5722 2654 2939 735 3516 6355 8716 9674 189 8342 9936 1226 4806 2011 820 96 7786 3199 5493 6492 7696 8012 6682 182 7841 2355 3201 9256 8105 2185 4377 8343 4998 7191 6203 9259 4224 9412 5124 9459 3841 8907 5706 62 8172 3493 1397 2819 1660 6375 8701 1389 5403 8267 3478 6025 6248 9595 2129 3782 4850 2533 5587 4654 1685 5886 4134 1326 6296 3255 9420 3621 5594 1111 4778 1655 4489 6380 9490 4362 824 8887 1877 4875 7468 8556 4771 4434 9489 8962 1519 4944 7745 8274 8500 8741 6833 5223 4431 6692 8937 6050 9342 5193 9390 7967 9029 515 5019 3264 3990 3030 9396 1073 943 318 8171 674 2752 7455 5703 3537 3694 2699 9106 2837 7435 6578 1563 815 5521 7270 516 7565 4530 8319 5528 682 1046 6504 2047 526 7636 2106 4481 4324 5564 3979 1332 3220 9728 8278 8688 7319 8018 2855 4000 3425 6576 1670 5023 800 6769 8657 6743 428 8992 589 7949 3604 6038 4336 5099 9869 9934 2265 9574 7049 2168 9021 7459 3679 7570 7742 289 5972 2113 3067 9138 2925 7265 5344 8034 2602 8590 4885 9914 4294 7620 9281 2758 1251 6466 6219 1306 901 9255 5901 1949 2471 3055 3356 1455 1313 5275 5267 6310 5383 2922 8909 7524 6432 7239 5253 145 4363 2470 4350 7236 8578 8214 9164 6905 4079 5966 914 8552 8371 2692 7161 2623 607 2574 6428 2094 9932 9642 4200 4764 2853 7643 6534 5887 4683 5052 7211 874 5062 1839 2806 9550 1941 3059 2298 5857 2056 4455 5566 8085 2765 5103 5319 870 3664 2117 9159 9427 3075 8564 4886 8893 1529 1664 3148 5280 2210 3285 7859 8523 5038 8949 709 3269 7046 7999 7900 5039 7354 3057 9058 3814 903 9354 5792 787 5739 1049 4711 5912 7075 6029 5737 9417 4024 2157 9620 5951 622 33 4208 2376 5288 3551 2440 5544 3597 4943 2377 1337 1741 5941 9346 7605 6400 3839 8268 9011 2152 2184 945 9337 9084 8831 7000 762 9441 6889 7023 6263 349 230 6625 783 1453 5105 2776 6849 1503 8478 527 1724 2874 9214 3650 8812 1802 3598 9105 8199 8540 3496 7642 6406 4239 4819 744 7710 6324 4078 4663 656 5938 1989 6052 6222 9024 7157 8529 2865 1716 2593 4985 2834 1626 1728 4656 2683 2195 8136 1738 3175 1125 9436 9218 5349 9597 7961 8445 1205 7835 1522 2049 7602 6391 3164 7781 608 7566 3469 2103 2575 9073 6311 1392 2630 1810 7286 2635 5994 7896 5162 2530 3287 8727 5001 9043 9975 8057 5910 3768 1353 2784 4862 4645 4945 2715 1697 9017 400 391 1713 2965 194 8064 1450 1538 6933 6532 1043 1340 7050 1356 4796 8224 2757 8266 2705 9588 836 9444 6452 7955 7498 8046 15 1244 4171 4516 437 660 3297 2146 6734 9129 7326 6065 8221 4983 8305 3510 8032 2390 196 6562 7362 6594 9451 4449 7659 6509 2197 693 2818 802 8143 8394 4940 9673 4564 8407 8436 165 4587 4724 6683 4882 3066 9591 7055 2986 9996 3720 1154 8885 4866 4272 8551 3422 5989 8482 2928 93 3868 6099 9653 5516 6186 449 6434 250 7867 5115 7682 9089 5269 4604 2642 7347 8558 1308 9824 9744 6757 141 9247 4151 159 3467 3607 3896 654 5341 1234 8510 7927 6307 2366 1511 7104 3387 6455 3838 9872 4751 8600 9411 5888 2543 786 7671 4137 1722 2468 6040 7086 3719 8004 6530 9563 8658 8965 3616 1627 7091 5260 6138 6357 2835 4029 8546 7730 5622 5974 3036 4144 775 5055 5597 2938 6988 587 9922 1861 7719 3307 7297 746 7815 5163 8339 7826 8681 1726 8421 9040 2486 2616 5014 3917 3249 4720 5322 1004 7947 8513 4941 4554 7598 9740 8239 5948 363 6663 3644 7599 4898 4022 2767 8353 9612 8922 9890 5798 829 3382 3628 6141 8327 8830 4285 8449 6894 6767 5579 2043 6810 5443 7657 5138 6772 9267 5685 1000 8894 3681 7473 7293 4292 7463 3360 8857 2166 2759 7077 4432 6771 3842 4803 8598 9045 41 1893 9891 4826 3085 580 8061 1096 5451 1247 2599 1544 5582 2199 8867 7690 9031 7476 6300 9036 397 6536 2055 6210 4287 1817 3711 7700 2884 6801 6020 3293 2571 4494 4092 2235 6822 9805 2381 7363 791 9163 2697 9368 7500 9770 7150 23 5506 4550 8386 2823 2145 1294 6999 4849 6932 3634 7405 7831 1381 42 9314 873 7145 3875 3165 739 9590 8418 1750 7912 5797 9565 2782 7839 420 3280 5259 7865 4524 2714 3327 4059 2178 4291 5783 3035 798 9071 9694 9254 7791 2967 1193 6120 1591 8106 9278 1816 418 1265 4318 369 4657 1711 5225 4148 7818 226 6591 6851 381 8622 1299 3795 352 609 9886 7389 67 2286 1743 1803 2513 3626 3852 1059 7367 7863 8718 5820 1424 977 1213 611 2934 5386 4666 8458 1404 6405 950 1078 2150 7517 711 51 2207 2978 309 5182 994 9104 8691 6972 7721 5445 3575 343 1126 8264 9246 5782 9185 4795 5844 1643 8843 6023 3306 7324 7882 9283 3726 890 9704 2219 4996 1393 571 8231 7200 8757 4424 379 24 934 9668 3473 1243 6616 536 2643 3244 983 3618 2942 2457 7995 712 4435 8321 3578 581 7746 1094 3386 2051 4733 4845 8304 751 1369 6783 8033 797 4110 7120 1345 9649 3820 9564 4523 7318 2132 4726 8532 9184 8961 9168 3447 8737 3385 9305 8241 724 6234 5392 6742 4822 5305 9143 2307 3547 109 4549 2726 4630 5670 5438 74 3812 1282 7732 1447 818 5390 4591 4003 4902 4572 9322 7525 5634 1799 6012 7754 4181 1590 5348 9422 6022 7559 6110 7398 2845 8168 7925 5877 8465 6564 1386 4614 1142 1885 5027 8031 9792 5035 3093 7833 1968 5804 3489 7611 8902 865 3159 8635 6407 6752 4131 4206 8803 9053 7530 1990 9610 1592 1520 138 412 4770 8699 4082 6225 4501 3889 2 5549 3760 5650 6043 9423 3936 227 4236 5428 623 421 9066 2836 742 3198 2335 3236 8788 9617 8526 3916 816 1140 7438 4391 4801 1737 6969 4782 2639 1060 8076 8905 5836 5492 3032 5154 1539 9297 9069 7320 8257 4054 7546 9800 2226 4423 2302 9561 4888 5455 5885 4655 7288 4396 1504 517 8774 4283 5609 2914 9502 2122 7795 7808 6706 5042 7503 9320 4606 3939 9747 1534 9142 7986 6773 7345 5144 785 2372 7755 7276 4783 4504 8424 9409 7315 9061 1219 494 8222 8118 3919 5276 2171 6700 5647 4754 5707 6011 8629 9316 2647 3351 3999 8795 6385 5036 8904 2885 9788 3430 9644 2273 1669 2442 7674 6074 7187 4052 9871 8356 7587 1497 8874 4785 7619 5439 1739 2204 8536 6871 694 1730 388 231 1806 6071 3756 1236 853 2237 4895 6272 3548 8021 3018 5812 5442 6513 1813 9908 1875 8388 127 6223 8818 1061 8973 5092 5114 3089 1283 3253 639 2691 3359 1272 1200 8087 7935 8499 7753 6662 6326 2562 1991 3784 1133 2267 7794 8405 1962 6924 1614 3617 4456 4961 3580 2347 7824 6458 7594 312 8511 2653 4258 9746 2111 3323 7817 8113 3240 1997 8530 2484 4419 3952 7667 9539 2341 6319 9655 9972 2173 3715 8869 463 7751 6378 7778 3106 7886 2089 3657 5845 4349 5550 1767 1117 5359 881 3662 7926 2801 2541 2680 1010 1454 8210 5642 2019 7647 236 1593 8506 9937 7006 7153 3071 8382 9546 6115 7528 8554 5700 8772 7798 271 5660 7010 896 4265 301 1937 6233 4108 3153 7192 2081 8980 7809 2969 4288 1339 1029 9763 849 8520 8035 4459 5688 8744 1003 1508 6167 1012 6465 4462 6741 9268 4330 8285 7969 7298 1778 3759 6070 9907 2556 505 7738 8468 3363 7871 1068 4043 7571 8053 9488 5697 1287 2232 137 8209 7452 6330 6642 4911 4347 6146 7632 578 1781 2931 9343 7901 6076 1376 2761 1898 6721 8155 8083 8491 3866 7585 7558 6447 8261 1477 6162 2725 5651 9958 4761 655 5538 1791 7876 3908 4557 3272 8080 8494 7811 7862 5017 4600 7204 6085 6518 2382 9924 5589 936 3410 9188 3277 7703 4601 4165 9481 801 1965 2107 7392 5511 1556 7903 5672 7458 1257 8225 4993 4061 3534 7540 7426 4120 8023 7238 7036 7227 9880 1020 3494 6127 5711 8131 413 1035 8854 2392 3225 7576 8322 9598 9200 2589 999 4170 8178 6938 8787 7259 7519 1933 721 1470 9116 8917 3436 1683 9302 2057 9993 1169 9110 2290 8754 4555 4475 1320 4256 6273 2292 7502 3113 7260 5866 9984 8443 1714 4308 2772 3211 5084 3008 322 6137 7518 3215 6702 466 4718 8879 3636 6586 7372 3646 7957 7804 9611 6628 7331 9667 35 2369 7312 2742 2847 3088 3727 4804 9406 8130 2396 796 5127 2771 5047 1263 6896 2198 3589 6309 1070 2559 299 483 8082 6409 2557 5997 5475 594 8438 8522 9294 4367 8572 90 7004 3040 5338 237 6217 8101 5366 9859 8374 336 6613 2393 4329 4508 7488 8931 2891 8302 4824 5480 5273 3619 5769 1654 8174 6710 8114 9166 7749 2935 5690 1086 2932 8073 7626 3829 2545 5458 3332 8183 1343 3674 8777 8069 5743 3427 6015 8070 8127 2893 3539 8467 9810 1632 6299 9050 5459 7676 9568 5003 1099 6805 444 5121 1271 5562 6169 547 7766 1950 5953 6798 2605 9230 1355 2242 3375 1494 6474 6541 2600 9645 3380 6042 376 1431 2473 4488 7887 843 6404 8849 894 707 3870 7562 3502 2777 5091 4099 6622 9915 1184 8954 507 9183 1920 191 8276 5571 3444 7434 9380 755 7486 7256 5735 9904 1017 5228 8535 2634 6730 2857 6179 3788 3136 8463 385 8644 6059 9515 3965 8802 4702 8337 5056 484 4147 599 6643 6122 4660 7938 1180 38 7235 5949 7627 6349 6360 5101 9630 9961 9633 6228 108 2116 2701 3565 2838 1172 5505 7368 3737 411 5982 4352 3938 5238 232 3417 9130 834 404 7752 2523 767 1264 1772 4619 2176 3353 5695 8690 5581 2906 5578 9816 6658 8142 6506 9501 7514 6763 4973 4410 1936 5363 7573 871 5502 7976 94 5382 5409 9825 677 5694 9226 2301 8232 6674 3840 6802 4069 5957 9480 9504 6656 315 7081 4103 1584 3645 8041 5976 5131 7895 1011 7121 5752 6301 2982 4844 7110 710 4812 5929 6529 8314 2262 1998 5198 7193 9830 7861 9016 3963 3754 1057 8153 2738 8534 2469 4042 9534 3553 6030 528 7706 2136 8100 9536 6112 7263 6728 3301 4041 1159 6949 117 3777 2659 9542 7337 9587 4878 807 8095 3155 5765 7612 4351 8187 8654 2517 1279 7683 1575 2532 7654 9471 6820 5932 3064 6399 8384 4688 6435 7531 5285 4234 2904 6832 7143 525 8325 8369 8009 5354 4617 2186 5847 6044 177 5222 3569 6516 6843 3638 9980 3659 5028 9299 9952 7725 5942 1703 8068 8344 2577 561 5251 8452 1408 8714 27 6002 9319 7695 6789 8776 2498 7736 4714 9676 7399 9708 7855 8892 5412 4426 5113 2370 3825 7928 7 2995 8667 534 1419 8045 7506 985 5699 6048 9669 5718 9715 9402 1487 2734 1566 2510 8320 1233 511 2399 3413 321 6462 1830 8071 5805 2373 2592 1594 5293 7119 8979 4039 8516 2617 6609 8662 3171 8783 5424 4227 3378 6807 4659 1439 8039 5795 4719 7593 5279 18 779 6051 5796 1710 3341 1445 5415 1237 5721 2535 1805 3786 477 5984 6633 4730 6612 1598 3577 3125 2971 691 906 7210 4056 8924 9203 5129 2256 7681 8328 1410 1033 9122 7234 6926 6899 6699 805 415 5418 5619 9207 9606 6196 5033 3010 8477 7663 10 6425 5289 5591 9910 7731 2781 1298 2694 8038 8583 4577 3261 9005 2769 3477 1540 1240 586 87 920 3687 6000 3402 2913 453 5221 1030 2607 1977 3335 9941 6740 2949 2020 7113 5018 2849 5306 5531 3254 5334 4833 8170 6061 2724 3822 650 7052 1909 7344 1476 8769 562 6901 4649 110 4598 8011 3311 2319 4204 5663 6270 3435 5479 9091 4537 2491 4169 7911 7552 4921 6293 4074 9018 1984 7628 993 981 2887 5955 9020 6261 7772 9845 3787 2749 3319 2475 6213 4164 3221 4443 2499 5408 912 9057 4033 7489 9848 6722 2876 3114 1517 5494 596 9205 203 3518 725 3637 6962 1346 9743 9801 1929 4828 3855 8976 2521 2007 3268 6189 6546 70 8341 4465 9408 6026 1131 6087 7280 5903 3614 5702 61 9003 7846 570 143 7424 5776 2739 3641 3880 140 8544 8587 1616 8440 5855 374 6383 509 9560 9779 4159 9688 4358 9641 7788 1668 7555 6178 6713 6294 1363 4035 841 9916 7088 1883 2645 4974 7845 4273 3653 7988 7520 9901 291 995 8912 1901 1273 1120 8297 1865 8634 3412 199 161 7785 978 7822 6208 4310 8111 1385 5298 4017 9060 2128 604 8469 4402 9807 6198 6398 9651 3204 2183 425 8351 2284 6565 2487 7762 9377 3142 8601 5009 6998 3986 6819 706 2432 9403 8149 249 7890 6193 6701 852 9446 4926 1645 1658 8624 1794 2660 5401 8503 3713 9484 4390 9647 9976 4505 91 2502 3643 1204 9670 1128 7618 2950 6445 98 5833 2125 6478 5983 7072 6714 8674 7981 2404 804 7214 21 6080 6006 4723 2282 9596 6641 2241 1499 5639 2295 5876 6068 6647 1985 6403 9873 1174 3119 648 118 2959 187 4420 5262 4510 6084 6007 7441 6288 4964 4008 9729 9881 2999 2892 2181 3041 5829 513 5675 1568 2133 7431 5574 9008 8673 6379 6775 8983 2817 8835 644 7008 1085 9585 8255 4474 5410 2009 2937 7269 5907 5883 4242 1164 1325 2119 1149 4818 3007 3143 9795 6715 130 4936 915 7349 838 1562 666 9257 8367 7482 2452 9527 2858 2437 5850 2148 8047 1798 7044 2674 219 5919 7510 8677 8753 6727 7567 9811 9154 9950 8301 3989 132 1760 7580 3766 3016 6863 3592 630 4374 2997 7664 6286 4734 2854 3169 1932 2264 2409 6548 162 1008 5457 3556 2400 3423 171 6748 7583 5214 3821 794 8397 2084 2278 6356 1436 576 2231 9358 7425 2709 8013 8332 1756 6737 174 1996 1335 9888 1682 6866 467 447 7933 9648 6761 4172 2025 8196 5517 3321 6105 7477 3228 6538 390 1723 7814 4047 4670 7102 2576 6635 5350 698 2908 8377 8347 1597 6804 888 6094 4233 6556 9945 4299 1053 4433 4767 3678 9835 8620 1931 8156 1924 126 1479 217 5489 2208 1884 4842 1218 6974 9102 7093 9631 8315 8997 1582 8453 3591 4101 8387 4813 8270 5532 875 3080 255 392 4247 5645 9187 2839 7016 9767 6676 1740 4581 5046 4766 1809 765 4568 2447 8116 2406 3334 3849 9264 8310 4354 3601 8646 3769 4473 4248 4372 8451 5247 7511 705 4073 3226 2028 9917 7770 6256 6229 8059 5078 6947 5603 2992 6934 9732 4004 1171 5631 476 7523 2975 5913 8567 5926 2678 82 6720 8736 2531 1667 7574 1646 4647 5419 6630 4958 5731 4369 1671 5090 6826 2309 5159 64 6915 9594 4453 7274 2192 5307 3218 4458 7823 2821 5202 3947 6430 4699 9453 6651 215 139 4093 7201 1745 2606 810 7726 3680 9356 7621 4094 4579 9819 9002 1284 2170 3980 5474 6823 2640 1647 8102 9874 6501 2830 7914 9340 2202 1842 6566 3957 770 7079 6390 3554 7251 7277 2074 113 4825 4972 5927 356 3 9169 9068 8094 6460 3633 8084 7038 997 1378 8625 6588 2629 4322 5171 7085 3499 2408 7266 6153 3100 8660 7538 9711 1764 7689 2841 5168 5553 7505 1907 591 9210 9692 4957 7649 6661 3937 4365 3000 7335 2069 9284 5539 5648 8604 6511 6946 7493 9369 8329 5054 4241 3975 3027 8055 8279 3818 551 3956 506 5422 2581 4717 7889 302 6197 384 6108 9567 4934 5497 1246 1878 7685 2740 5996 1543 6620 370 2065 6684 1041 7603 6097 8474 5495 9804 5137 9826 6598 5160 3699 8820 1953 2154 9705 1848 9629 3610 6132 4745 258 5802 1579 4852 7963 6991 9263 7186 4762 7222 3161 317 5653 605 637 7568 3974 2188 1921 9414 7030 3763 6831 4286 2451 2359 9361 1701 8016 4496 4189 5990 6824 383 4765 28 7717 7857 1890 7756 1528 544 2362 7658 6281 5311 4428 8566 9636 3660 8752 8352 9737 1034 2787 5256 8856 1801 4482 2547 6787 7433 2196 3704 1659 8192 4253 5763 7237 8793 1067 4573 1572 3483 8303 114 7111 4139 7475 6673 7213 4559 2518 212 4644 2788 6830 2052 7990 6558 5470 1834 7417 3764 4716 7180 9879 4807 5411 4986 5661 6145 8201 9440 2756 9796 8821 8250 9162 1144 1203 4970 5897 803 4319 8363 9209 3599 2417 3926 4346 7917 8419 3339 256 3846 2444 4034 8678 3461 9822 5827 5525 99 5308 3440 7858 6345 8402 8067 7810 8612 8145 6640 778 7316 2294 3368 5673 9078 5565 2236 7014 3500 8865 3923 1023 481 7376 2794 4685 4232 6271 9755 307 3459 9303 1435 492 7156 2283 6867 9544 294 5467 9782 4430 1469 378 2214 5032 1787 6793 514 9282 2006 4966 7365 2279 9094 3733 1795 6262 2033 6879 8144 416 3501 5088 406 450 1514 8063 1857 3850 4960 8758 2449 6277 6497 1887 1286 5290 7578 7328 166 1146 7348 6968 3014 6615 210 2652 8671 2520 2026 6362 1720 2216 2601 5089 3383 3256 9575 1290 3907 7712 8147 1800 6142 9863 6221 5713 3985 9456 2690 134 8204 206 4495 9428 5482 131 5846 3349 1037 8631 6531 3232 3194 7218 1040 8668 268 2586 7284 410 518 9231 9951 1463 1859 9577 782 6989 1679 4190 3649 3379 394 4613 19 7189 6333 2651 6744 6912 1261 1629 4207 4497 6617 1038 2275 1505 4238 9838 4773 7588 2755 8393 3015 9405 5351 6941 402 3991 3258 6449 8971 1438 4763 6970 4884 1596 7278 341 921 2558 7885 1718 5816 6568 9334 7775 9241 3946 6302 2054 7508 3858 2972 1675 3490 7309 9809 1940 6579 697 3895 8334 7850 9293 3675 4708 5387 6925 7418 3714 5808 2785 6450 6505 4984 6944 3308 2791 7708 9664 1134 3995 1196 6368 5854 6335 1637 2764 8911 6412 7294 5021 6199 9194 3781 9772 2308 4168 6732 5961 4444 5501 5621 7856 6978 101 9599 6348 3120 5719 6582 3195 9028 7065 8537 7087 5612 8538 9112 2027 3303 4344 2489 6495 8288 7223 1328 3740 1150 2490 3389 6305 3773 6736 377 5884 4952 8376 8722 6429 6853 3050 6024 2996 1943 5689 9979 7409 2206 1615 9404 9706 3330 4487 5134 8487 9253 2509 9657 610 1451 1334 9240 7118 8641 6655 3859 8245 5235 6753 9192 5838 9866 8829 793 1384 1589 275 9315 4483 5053 5520 8845 7112 7640 4906 1951 80 4303 7641 2536 3090 4210 2768 4115 908 4595 54 7802 4738 8746 6161 7629 7151 952 4013 5030 4359 208 1559 9290 4575 4198 8117 7350 2951 144 9677 8167 5629 2579 6654 1938 1754 8218 2628 1867 3024 7864 5404 9954 5250 7958 7875 9096 5120 2746 5304 6422 8292 6413 1239 5433 3397 6215 8982 7589 2670 8381 1109 6082 284 7219 1619 6907 7007 9927 3898 2881 8312 4448 2431 1652 3747 6921 3445 2018 260 5335 8007 3949 5551 1702 1458 8240 6503 8959 8043 1759 8219 7207 9438 3666 7704 9351 4464 861 3147 3723 1100 8313 2946 3640 77 8048 213 542 6130 3299 2351 1510 8151 2585 7916 8596 6697 5975 6334 5352 2561 4527 1136 456 6033 1854 4321 4853 3212 1166 681 686 774 4768 2459 6047 167 5380 9493 5081 5020 2718 4478 8925 2620 3940 8485 6102 9942 2608 1975 9870 825 3187 9731 6940 8396 8579 181 7374 4841 1845 9709 5370 277 414 7139 4095 6086 4615 5074 4679 7982 3188 5770 5314 6677 3857 7028 8807 1748 9222 5786 9286 9392 5076 1942 4870 3970 3347 6207 2291 2878 1022 9211 9165 3298 2661 911 7137 3238 3555 6057 2336 4570 4387 8888 1525 8125 4678 4002 8426 3042 1452 3180 7601 4015 4949 2062 6966 7656 9277 8282 7247 9978 4821 8684 1486 1547 446 3625 8539 9335 2349 3538 5205 1347 2842 982 2815 8592 2276 6948 1995 2138 6366 5378 5481 56 4876 930 8162 5329 992 8636 9067 4954 4157 6150 9966 6377 969 4820 9839 4276 286 12 6475 7291 3056 6119 6163 5923 4989 9323 7159 9785 1554 5271 4130 6079 9087 6994 8763 5936 6471 1766 9072 5317 30 6936 886 9735 643 668 3567 5559 8778 1919 8706 9798 9177 5210 8107 8686 3248 5087 6037 2735 2613 4269 4561 2641 7339 2994 4220 6490 347 7358 2163 1093 1906 7047 1401 5184 7281 1827 7163 5232 6572 6878 2981 8730 2704 3969 8735 6746 5212 6646 7107 5656 8166 9472 5407 7564 4088 4681 5258 3369 272 5891 3691 2367 2386 2030 1007 9123 5155 3670 5503 8858 3576 8230 7064 6072 7496 5696 6657 564 4664 6964 4567 5879 9272 5554 9447 652 6185 2644 9103 1606 3281 4552 2375 9510 1405 8365 6928 5049 6431 1498 355 690 7352 5508 1897 7462 8275 6980 5254 1296 9581 8223 7966 7758 1276 6470 3508 6249 5239 7951 989 963 7415 3497 1259 1417 6584 9248 3712 524 4383 8403 1882 5125 6665 4116 3017 3546 6648 6733 4736 7407 5536 1051 6862 4580 7985 7777 3326 5831 180 9545 5959 5246 5180 9393 6755 4662 7677 1873 3804 9115 5774 266 5800 3488 7561 4608 9749 4858 2956 5527 923 4843 6685 2016 1394 1395 5098 2786 1474 3608 2268 3961 8300 6066 5179 1163 6191 2164 1917 539 7135 2092 6353 3629 2172 3632 4907 4737 9178 3765 150 6088 2570 9828 4081 6838 5601 2762 2882 8846 9372 5894 7932 7728 8972 3762 7045 3559 5464 2305 2770 6123 7164 6758 6437 4775 276 5509 5859 3124 386 3887 5097 3316 2112 7148 1500 8810 79 1341 3862 3742 3960 1954 9150 1182 1732 5993 4018 1232 1382 7003 3579 6039 4156 6704 9850 8249 758 4509 5992 6614 9244 5122 5834 5471 7834 658 2658 3741 4706 8177 6540 2005 5444 8212 9609 9443 1956 9219 7596 2966 6117 1836 9756 9580 4038 8514 1366 672 4175 1548 1411 305 889 5185 452 135 6857 5095 9237 6285 3951 2415 2445 9684 1342 6780 5657 2327 7693 8672 2310 3667 2429 7761 6634 253 664 8541 2732 6274 3276 6528 314 8988 157 8637 1783 5361 9693 4384 7082 7063 700 7225 2333 6869 5987 2230 1642 9712 5588 4249 8460 1160 8109 743 4470 3146 9288 3705 4802 1201 2354 4937 1372 6246 6477 1207 1348 1490 6751 5862 3758 9720 8648 6454 5585 8283 7937 1687 6245 2638 4395 5853 5069 6250 6238 4212 2964 282 3665 4246 8298 4585 2118 3535 716 6278 9033 7449 1214 8942 5529 8784 100 8996 8227 1838 6260 7905 2324 6346 9132 5190 9454 9269 4883 2748 8346 9699 1122 4037 2929 1819 6645 9052 8728 4118 5921 4436 9757 389 9882 2001 7847 8121 2360 856 8165 3399 961 3984 7759 5302 6835 2193 4990 2947 653 1076 2314 5368 708 2985 1380 248 3154 1442 7956 303 491 3273 8895 3942 6553 1565 671 7361 11 1492 6443 3274 8826 8708 4334 5625 279 6735 4988 2353 5215 221 5323 9498 6416 7934 2259 8470 1310 2494 9812 2573 9887 6027 8115 2174 4913 9946 5715 8840 2365 9397 6401 925 6738 8764 635 31 9791 7652 8119 3350 9753 6304 4133 4031 5434 4597 7379 6717 6103 8633 4406 4016 7872 4827 8945 8597 7330 1300 3853 3978 7943 373 3320 6464 6544 7874 5626 1978 3721 3692 545 2397 9378 7665 3856 942 1945 2194 3107 9482 7750 1896 9605 3893 9948 6016 5991 1429 2453 6542 9077 7504 5117 679 4125 8 5194 7454 6716 7532 5537 3227 4725 8364 1225 7879 3329 7608 2722 3302 6267 8150 2312 3487 9672 4864 1892 3231 899 4401 8943 6577 2578 5873 5149 9204 9981 7931 8570 1106 3366 7472 7801 2068 6292 1223 7103 9229 519 9537 2622 5414 2222 1967 2488 8955 9197 327 358 6870 7902 5512 489 1825 4418 1321 84 3172 2245 5400 4697 5107 3126 7457 3342 4915 2088 4810 3504 4743 9572 4065 6338 3346 5727 6427 2325 5729 2800 2751 566 3635 5393 1058 3029 1377 9435 4109 3798 704 9101 6325 960 3935 7446 9139 6965 7138 6886 6533 6485 1512 4791 6091 5432 8345 4366 4933 7820 2572 3642 313 4145 8896 1581 4067 1558 8995 5643 360 9794 4342 953 8761 8206 6194 399 6829 567 8134 2760 9381 9918 3191 9742 1535 5026 7765 4357 2004 753 9371 4323 3344 9621 5278 4 5245 9064 8051 7048 1301 8940 6230 5869 8717 7919 6339 6856 4353 3070 2002 7983 2250 4138 1317 4371 9710 1155 9261 47 3826 7439 9147 7616 662 3600 1351 4777 8827 3701 9429 6550 4100 5934 2866 8645 9363 49 1314 3103 8525 9167 6035 5460 296 3533 1918 3470 1605 5374 2899 111 601 1789 2597 1704 9778 1979 8179 3543 496 9899 4471 8406 1604 5636 5979 633 6021 6496 2745 3224 569 179 2590 9348 9547 8726 5447 43 4830 4856 6342 3355 9949 4245 9289 7716 860 6376 7090 7391 3077 5173 8074 3943 1066 3243 848 831 4920 6212 3458 6800 3005 6036 6396 3564 8066 8939 7011 8908 5426 590 9216 7825 9639 8661 4332 7351 6874 4546 1874 4507 6552 6844 2389 4786 8010 9758 2890 4307 2266 5789 5749 2596 8555 6653 8194 2167 4087 4513 7469 1062 7408 5813 2560 5446 2458 7271 5522 3416 5416 9660 3084 1770 8617 3278 459 7812 4953 8848 8916 3523 2537 6581 6486 1433 8092 2595 5674 4407 9233 7385 9682 7860 954 9691 3130 5244 497 6220 5330 1639 1980 8664 6242 4154 3630 3156 3405 3746 2311 9974 4012 2741 678 3683 8022 7261 1792 4270 9196 5218 8575 2587 8573 7130 7190 821 1162 3271 4632 4261 7613 1079 7141 6433 1640 265 1482 4935 169 8709 2120 2040 1518 1705 8207 7734 2149 9170 69 7723 3976 6868 4574 2656 579 2679 4534 4325 3325 3843 9307 5029 1630 9962 9734 5754 9696 7713 6467 974 6543 5217 5896 6834 3079 8561 6083 5946 6382 2036 573 1210 6707 7509 6624 8265 4979 6442 5109 9160 9037 1774 6963 2356 9943 4680 6632 1216 1663 4631 2689 5203 2926 932 4393 6619 3186 8357 9973 1249 4676 8185 7866 9295 5394 5423 9522 1015 733 3950 879 1432 624 7371 3121 9355 4528 1285 1449 9149 7025 2493 7024 9111 7167 3200 2744 8595 5925 1427 830 1156 7340 7851 7607 7668 9846 9520 6463 6827 48 4405 103 4948 9121 9940 9836 5785 257 2162 4412 115 3905 7423 8871 4829 8029 1217 2685 9394 6812 8724 9345 3456 3131 9448 8838 1081 1676 2657 7054 7544 3295 3676 7380 8930 9228 2569 9146 4485 252 5233 2869 8640 3865 7432 6698 4867 603 827 7373 3505 2941 2095 7384 8734 2877 330 2087 9957 949 7909 5353 2130 5295 7978 4611 7140 6937 6559 1891 184 7485 4642 7691 9331 9152 4302 3748 5534 7609 3710 6649 4994 2060 6705 7622 283 7258 8632 3876 3109 4289 7897 2352 2829 4180 688 4540 3275 7737 8847 6254 3233 297 1829 366 239 3992 9153 8721 9156 4532 2269 1530 6384 3734 3888 6935 2483 1135 4620 8244 7711 3406 9098 501 6903 4343 3424 3964 3028 7891 8205 7154 7015 8481 9467 3931 8148 1027 6539 2979 4368 4328 2097 4687 819 661 1872 4712 4361 2039 5750 627 4904 8521 5123 7635 6580 6457 3150 5968 4713 3810 2099 7209 1602 3805 7440 8203 2080 9239 1531 1624 7203 2930 4569 5758 9220 5331 2501 4863 2624 2860 5741 5274 1761 2552 8138 8569 4965 3885 4392 7883 7638 8882 2161 5760 8432 4592 2898 1114 4128 7401 8294 4019 6151 7461 6251 339 4231 1673 7848 5207 2135 2209 1065 6004 5840 7960 7655 8656 768 7427 3009 3495 6264 5513 3087 7343 8553 1694 3104 7171 8760 4636 8489 3648 5435 3921 2371 1837 7370 8610 5143 320 4978 3051 7152 7569 1006 8628 9083 5819 4900 1080 6313 5730 9503 5547 6046 8947 918 2433 5132 1495 2274 3442 3135 9383 4177 2348 4590 9832 7941 5286 2481 8330 2412 1833 7126 8213 443 6154 5973 5790 6784 9652 9986 2115 495 4161 2603 1132 8429 4348 1814 5627 9821 7334 4230 8623 5724 4235 295 3117 9573 9721 1779 7653 1958 3384 185 7317 3012 4741 9868 3392 8318 9853 2091 5347 4468 1148 5772 9965 7166 7083 3381 5220 338 4315 5287 1763 2042 7314 5083 6986 1269 2889 4143 812 8289 5558 4623 5391 2549 1056 3772 2398 5118 3170 9198 984 5535 1768 5557 2813 5818 1521 2636 8985 1198 1475 8479 2779 8593 7341 6269 7651 6973 9433 6165 7705 2867 8533 2334 34 1777 7097 9831 2775 1414 3183 5895 1856 3590 5687 4502 7106 1653 3069 241 8880 2505 2810 8876 3184 3755 8665 6984 2358 4861 2766 8427 234 864 9339 1736 9455 9818 4894 8966 8211 1462 1638 6917 1609 9421 5133 8568 4797 6316 461 3177 4639 4652 5450 4399 4851 4063 3869 2583 9768 5385 1016 5881 228 2053 1564 2221 6374 5201 5666 2924 4583 4869 4411 9353 8957 1935 9262 6032 5073 2515 8811 1686 1993 2462 6892 9179 3595 8559 1982 229 5931 3797 8742 4312 3735 1141 1359 3647 792 7946 8098 9926 154 2497 8126 3348 7254 8081 2649 6446 9624 3731 6922 5139 4612 2808 6537 6563 8565 8960 5381 1923 7355 3809 967 7805 3998 1248 3213 5316 6328 9512 8715 8412 5164 4132 2455 20 9543 4539 1333 1370 5969 7748 8963 7597 5453 919 4400 1457 8790 1036 6794 835 1823 3778 3718 7836 3622 7390 112 684 8711 4304 2228 6595 9023 828 8618 9842 3097 4698 3181 4445 9304 9566 9864 5709 6638 1684 3289 1818 5906 1202 7177 364 892 3290 9905 4705 7198 5367 8786 4629 2673 683 5357 4160 1752 8607 8771 6481 6605 3808 3139 9977 6041 223 2482 4036 123 2423 409 2698 5716 68 4946 3736 6013 1095 8027 3707 8782 6190 1698 5008 3799 7904 342 9713 1821 6808 9970 4693 3596 7631 3127 5652 5216 8476 4571 1349 2460 4929 2251 2048 641 9724 6930 4296 5462 3824 471 5780 5809 7445 1573 83 4228 9252 8422 8120 1742 5436 9971 3901 6897 3790 9217 1797 1013 6113 4709 2719 431 7877 6171 3519 7406 7972 4995 5580 8946 8808 9117 4707 7971 5197 1972 2211 7906 4529 92 6266 3874 5596 924 2368 4337 3540 1545 2496 8837 3432 5864 4873 6911 6508 3034 4715 190 1088 8226 173 2461 6686 8001 2079 9783 5282 9032 8759 3751 8368 1302 9589 1430 3594 8563 3110 2872 244 9298 6417 9242 2141 5871 4872 1747 8872 4982 2666 1961 3167 5066 9675 3752 9701 326 8639 5614 7076 8028 329 1855 9347 5784 2852 9508 9126 6055 5945 3292 1032 1090 4218 6133 1275 5070 8140 2952 1055 2807 2339 105 2187 5899 6487 9625 5291 2317 242 3092 7964 1987 1391 9145 1765 2200 3892 5546 3408 7491 8176 58 1304 2391 1992 3696 1613 3471 1631 7634 2703 8488 2126 3774 2566 3345 5420 3317 5671 7692 1108 6750 4267 1309 9654 8883 1183 4519 3158 4526 9496 926 5677 563 1696 176 7828 8006 8358 3060 2527 6063 3847 9470 3697 5425 5617 2729 8850 7533 9382 7375 9637 2441 3912 2544 5204 6939 3877 9042 8853 7117 7395 1934 9875 6214 9902 9013 1715 4628 3123 6202 6510 6089 5658 6195 472 556 5058 8208 8515 3160 2909 4195 9754 4759 6585 1946 3802 720 2919 9076 102 5908 4522 3108 8581 6370 5608 316 917 8780 8415 780 7899 5108 8159 7843 5569 7782 9603 530 9309 6259 8877 6156 1678 1124 8181 9476 3328 7991 4381 8372 8026 7307 8086 3816 3685 7053 2413 3438 1567 8215 2045 6670 3529 7313 2828 4727 5548 1224 2110 6493 7101 3770 9556 4427 4912 1516 5624 6629 8817 6815 3482 3532 6747 3291 3149 9793 1595 4463 371 6483 7733 2567 7178 2812 6872 4476 937 3953 8401 6888 3352 9400 7581 1775 4499 1238 6865 1628 1709 359 7183 2733 4201 2071 3791 1280 3279 274 3122 5518 7018 6081 7404 9127 2851 9967 9458 8280 5732 8685 9968 163 5346 8269 7272 560 8614 5065 4141 9434 353 153 3587 8900 1245 5963 8015 46 4152 4196 7853 9616 8935 9717 7061 8713 4050 8762 9533 4058 2416 403 773 3001 2247 2805 9548 6275 8030 5712 5590 7170 8000 8805 8747 3549 3039 3457 1699 4439 8844 7680 5437 5297 6181 3552 6291 4755 6515 3173 8670 4311 2252 3881 9442 9461 3025 1379 5683 9270 1910 8504 2676 9532 4268 814 1496 3404 4932 6836 8252 6235 4541 4345 9552 3031 8128 8404 427 4275 3627 7215 4769 3819 7378 3128 2990 9813 8123 1047 304 1268 6160 3044 2907 4136 4098 4112 7884 2856 4068 5698 933 6923 1574 2712 7396 8986 4221 3583 2261 4090 9199 6100 246 7996 4992 7870 2696 1835 6139 5858 3026 7246 9665 8951 4117 382 1115 1254 4077 2989 9911 7051 8378 5174 3890 1796 4089 6952 759 8062 1727 9499 5704 8889 5372 667 2029 532 6327 4695 5265 4545 2633 2037 2289 5005 5187 188 8823 8326 3217 6671 1860 486 2131 6596 7414 9760 3873 6148 7253 8915 6209 6920 7516 1311 5654 8008 9009 2070 3669 8964 2403 5025 616 4229 9291 9829 5771 6247 9044 202 845 6637 6955 9997 4240 1206 2244 1729 3572 5880 7913 1939 719 3913 568 7366 5102 8549 8361 3767 4295 3168 4544 2017 9189 6554 3690 2067 4339 9643 1681 3439 8348 7625 1886 3052 7311 5623 4356 2848 4408 9364 9271 2419 9707 7600 9619 9413 8527 6034 7221 5499 4214 3792 5868 958 5364 1260 9553 2100 2434 1501 7718 1176 4167 5060 120 858 9014 9279 5570 7547 7206 8933 1831 6323 4831 5788 2155 8987 5761 5150 7327 183 9519 7333 2993 1851 7582 6128 9118 7669 401 2916 2615 6719 2927 4314 3235 7854 9799 3582 4515 2896 2598 842 9328 692 9883 480 6570 772 6315 4919 3453 7688 8508 4484 5002 4667 1305 4173 6317 8613 9906 5898 8700 6389 4776 8626 4624 2846 5610 7467 1175 5900 238 2706 3722 6664 4692 4792 4514 4976 464 4874 4001 5166 1371 5552 1179 4760 8420 2901 2420 1963 3878 5059 5324 4127 6816 6574 4076 7301 882 3783 6726 5048 9410 7308 7793 8611 4486 9285 7325 3860 2331 9847 7310 9038 1083 6521 990 3725 3362 3074 25 2328 3894 809 3724 7662 1735 5356 9 6134 1441 883 1551 7784 2233 2625 4918 6891 9344 6847 855 1721 2753 7228 8389 5669 6918 7771 2000 500 2220 3588 3899 1161 980 3903 3241 3434 2655 5526 761 192 9775 1832 2588 7386 9051 8054 703 7336 5714 2156 9583 588 9623 5875 4780 9969 9274 8078 9998 9938 4155 3367 9689 6282 8423 575 9227 2443 3776 7397 4437 9276 408 4506 6200 6354 2015 3904 1608 1403 5815 3270 5768 267 9431 647 927 659 3394 8291 4931 3137 6600 2003 2795 438 750 3668 2707 737 3251 8287 3068 9245 946 2504 9521 1922 7436 8518 6659 3391 5096 487 3178 789 9991 8413 7262 6575 8163 3709 2998 1222 3443 1733 3400 6910 3229 2861 5561 3652 3162 4871 1406 7357 8977 7037 8993 846 2797 8884 1398 128 3364 7022 8430 3909 5944 559 702 1689 7701 1620 396 7144 4472 8273 8323 6806 9161 1506 9681 7069 3517 6790 8435 3848 4576 8385 2953 6336 2604 6555 8920 1195 7557 4525 2323 893 7411 5136 7637 8585 2988 429 8952 3451 9925 3388 973 9530 9773 3557 6159 5914 4370 598 1173 3398 4618 5705 5504 1491 9877 7080 7017 7623 2478 5384 2717 5839 5940 8702 8362 9511 6096 4305 337 5753 851 1465 6106 5756 5825 7109 8060 600 9929 4006 2158 8630 2662 7169 8705 4398 521 6882 368 8599 7548 4969 1278 3013 435 6031 3688 6688 2246 5904 1121 7660 293 357 549 5252 4010 3981 5449 3370 2114 8990 5010 2008 5397 8180 9109 5491 1560 3871 6561 6468 7381 2109 5178 529 7948 5767 1649 1157 434 1103 5371 7322 2041 3033 9500 1288 455 57 7968 2332 9858 2342 5170 5555 9857 9049 6098 2012 8608 3449 6971 885 4627 5236 6626 8442 8202 4533 4205 1807 7920 9388 1843 8682 4382 9762 877 4176 7296 3415 2619 7058 8444 4254 3806 7125 8819 574 9787 2285 618 5998 1758 2257 7739 4264 6567 9190 5832 7484 971 7954 5817 9081 8295 9445 7686 5277 4124 9898 1746 3948 7780 1242 4746 13 5572 6388 9953 26 7416 2485 4787 3006 6522 5803 1289 9582 2297 8725 65 2961 7202 2293 2921 7819 5958 503 1489 632 9662 3082 209 5922 5613 4691 6842 5373 8927 4105 2385 6188 7687 8005 7923 2824 2277 2153 3682 6739 6960 2540 9774 2379 7481 884 9939 8545 6611 7382 1672 6131 4938 2121 7073 1097 5072 9030 323 3918 7893 8340 621 557 9308 9151 59 5773 8588 285 6201 5616 387 3086 1267 7987 4917 1973 3376 6818 9640 3284 1019 1847 3465 8897 2933 4026 8455 6551 7774 2326 7323 473 7852 9035 3305 626 146 3959 2970 1194 6749 9313 867 9837 795 8548 9223 5310 550 8723 8242 9452 5777 9173 469 2418 1365 3700 1185 680 8998 4790 8745 1407 3593 7447 8698 5861 8864 9602 784 5327 3048 9287 7768 8839 1911 833 3011 5918 7764 1755 1064 8866 345 7993 5299 3586 3419 2093 7478 1212 9618 5248 8605 9182 5599 2139 4909 9250 6341 730 5389 3336 1323 6121 4603 9559 7992 6854 687 9571 8797 6408 4461 6636 8122 2227 9569 8653 1396 9457 1137 5807 1708 2671 3536 8110 7535 7707 5266 9579 53 6073 4479 2958 7250 4694 8251 8317 7282 6825 3234 2402 3750 4910 3484 4899 9407 5369 4661 8798 1964 9851 6473 7977 8417 1840 8050 6440 2315 1944 7536 7787 158 6216 5237 5315 1928 9806 3672 3163 1440 9893 8809 9964 6373 2374 1228 4187 1635 5337 9466 1235 7420 3020 6623 9722 6423 9464 9292 5676 9349 7563 959 4480 4908 2474 1069 1908 8779 5563 3480 8454 732 7945 2463 7720 9468 8189 1270 2421 4413 7789 612 6426 7666 2554 3309 1330 1318 2258 9063 2632 1485 2820 3561 1118 6678 5607 2151 2058 3703 9725 6077 8543 7727 7181 8675 5872 7094 8220 4596 928 7645 2410 4062 7541 8258 6583 2454 81 5219 9373 6018 2313 499 3058 986 4244 3933 2190 8852 2263 4380 5915 2175 5605 7179 8991 4643 4959 2322 5448 4674 9136 5999 8097 1107 4441 2101 8910 1178 5759 2516 9854 273 8886 5628 1900 2407 1526 2414 4397 6347 9613 4097 8609 2728 6350 6371 8293 8263 3581 1423 2514 1412 4728 9026 9576 5100 7724 2388 8091 642 7908 3263 8164 7813 9797 5644 6929 2917 5510 1862 7430 9909 9817 2124 5071 5345 6852 2796 1849 335 5560 3613 1031 7952 2063 3203 7604 4578 3927 16 9395 8191 8562 9039 7216 4317 4376 4096 5075 2253 8237 3138 3343 8794 2945 4071 5835 3794 9529 9171 5142 4415 1044 1113 6902 7116 6883 9554 8748 5810 6237 3157 8234 2271 7124 2254 5646 8184 6461 3930 1557 2799 8431 3206 1970 5890 5406 4927 2038 6078 9750 7684 6295 1024 9634 7844 6770 6361 8941 8576 1633 6523 2480 748 7673 7359 9524 4467 6690 3262 7306 4892 2943 6943 3239 4610 1307 5261 3245 4223 8694 4271 8512 8799 5606 8132 3545 4085 8497 2850 5693 1612 731 5576 2711 9047 832 2870 8169 2610 2059 6814 4684 1129 3053 3827 2123 2238 4057 1048 2066 1569 7226 5748 9015 5860 1075 4442 6058 6873 1812 1600 6703 9703 1331 6982 8262 939 1757 1084 7543 5952 8733 8834 8841 859 8360 7606 5682 4122 1446 1644 9983 1138 8913 5085 5488 8890 5333 4469 6444 3259 8695 1610 9235 613 9992 3562 8188 4517 1618 6779 3624 5507 538 4648 7767 5686 8175 1123 6236 3479 790 4375 8296 7944 844 847 8950 9275 7039 4070 2225 7936 7797 6298 6008 922 2672 7056 1151 4135 5595 7158 5842 5988 278 938 200 8580 5050 907 3550 4257 2920 8411 4672 2546 3689 9366 1863 1001 7032 5665 8355 3455 380 2903 4162 2526 1098 2665 3977 4355 4166 1751 9007 2234 1515 6527 7070 4980 9401 4511 1443 3749 8260 485 10000 5284 7364 3864 7084 2316 3830 6786 4386 5004 3526 4027 5598 8173 8197 6524 8574 8056 979 7244 8391 2905 2612 6724 5332 6206 629 7217 5130 8881 554 4284 4011 5388 2320 1555 9479 4962 2923 5849 9234 106 1599 325 198 2022 2648 6587 9855 5158 597 6255 2249 1329 872 9894 3584 5720 987 3728 4638 4490 5757 3800 7383 1422 9097 1471 4744 2789 8697 6289 5396 2179 3503 2987 9608 4923 7136 331 5874 5799 7099 9862 1352 5498 5429 8929 6650 9615 7650 9362 9698 756 2046 4742 451 1187 3374 9131 1870 2495 2364 3151 9627 9988 6777 3133 6718 2024 7743 5043 6604 6840 9990 8483 4454 2911 4565 905 6439 7501 8316 4689 8923 2873 1695 3932 5483 8833 5175 1617 6415 3542 555 9260 6601 3176 4114 1966 3954 764 9656 813 5355 5811 129 9100 3851 9212 6164 4750 298 2438 9006 988 9761 7740 5878 7577 6512 8956 3004 3655 233 9956 9300 1749 1181 3460 8370 6180 7633 3023 9329 6723 6560 3038 738 1533 3437 8182 8505 6760 4460 1362 3237 9680 8984 1192 3902 3785 546 7160 2688 1209 502 4566 9310 9635 8161 2675 5413 9266 1293 2318 5964 4582 8621 1292 9000 7444 9592 7550 308 9273 7980 6781 6253 2384 4373 6337 2213 4668 44 520 781 3462 5486 8409 5037 7122 7437 8135 9055 3661 9661 4055 3883 7146 3132 5530 3210 2218 9514 9827 478 8989 1902 3962 9386 4388 8651 5007 8519 2708 9324 6875 407 8591 493 6821 947 8814 8703 9460 8019 2713 5011 1586 7827 7590 5086 4835 1091 8338 7466 1717 3475 7614 2618 263 3266 1744 423 8666 4048 2826 3922 8710 8380 9004 9487 727 5755 1466 3879 1776 2727 186 1688 319 4158 1480 7507 4316 2693 965 4340 7338 7624 1262 4030 2023 8112 7979 5893 7068 8354 543 9385 220 3141 9469 3209 4547 6841 5586 6184 8459 5440 1028 6762 7001 6297 2270 4781 548 8480 8284 7679 3358 7453 6950 5257 3193 5543 3753 5169 1211 749 4512 625 5736 9716 1303 6995 7515 426 3102 5828 4621 1850 615 6981 8003 5980 7029 4805 6028 9370 4404 2833 6158 9430 8020 2260 8333 7173 8586 9687 645 4653 3219 6881 7197 5468 3507 9327 3174 628 8441 8687 6725 37 2395 2096 9332 1418 1899 5240 7816 5967 4701 6817 3063 8594 3046 5533 1050 7162 2182 346 2424 3729 66 6420 5882 1607 8816 3429 7133 4799 7400 4817 1828 3612 4064 1484 4556 8815 7041 5977 2548 4209 5024 5892 5196 3414 8065 8077 1656 2064 350 2405 7929 7471 6610 1542 3324 8248 7413 8146 3570 9834 9995 4991 9695 4182 8243 8806 617 8542 840 4607 602 361 334 9419 4518 9507 6893 9506 498 5191 4466 6240 6054 4216 9206 482 5421 5430 5283 9528 585 6344 957 854 4503 876 8186 4641 5110 8309 1425 2465 2792 1846 3452 1916 1725 5476 2668 7807 3611 595 1680 5726 806 880 8193 3779 8124 646 5484 3872 553 9562 2137 9022 3428 4903 3373 1102 4163 3803 4967 8743 2357 7592 2686 457 7208 7790 122 6 7694 6386 887 6996 972 5995 9878 5189 136 6507 1927 7353 4616 2611 2456 5079 2287 9186 4498 7915 6329 7722 4816 5852 9897 4963 224 3522 7155 5376 7930 3706 4880 3331 6500 9125 3294 9180 5490 9947 3544 3065 2363 1622 448 4301 7796 156 6731 7880 964 8256 6864 6469 6322 8756 4928 763 736 172 9525 8462 9841 531 5161 7881 3972 572 7131 3793 4558 4300 2073 620 8093 8450 4677 7289 1868 8042 8824 9437 6331 8037 3185 7402 636 8767 178 3828 6387 4113 4194 5294 6393 8958 1700 3318 9321 3401 6287 2306 8400 6571 7630 4193 6729 5740 6764 8383 5667 2394 3464 9823 5473 1082 269 5427 3282 4491 1719 7554 3216 6618 7224 7149 8749 3520 2774 4360 5485 7300 5924 4153 6876 1105 5742 8680 1561 2780 5933 7245 2436 7892 6592 9191 2428 5094 3267 5787 151 5618 2350 5496 4837 7114 9789 9517 728 2476 7012 433 4971 6848 5116 7305 8582 537 9495 367 910 1368 1025 2918 5044 1585 7060 3832 5034 2383 4562 6499 1959 2968 5981 5680 3072 2980 3929 4588 3891 9070 1170 2974 4053 7970 6306 1014 4538 9477 351 7803 5301 1145 6411 9769 5950 902 107 9861 8638 2687 7830 5593 2627 1587 3568 9133 6448 7304 8414 4788 3573 3095 2710 4225 5692 2021 7470 1577 7521 9025 5309 4389 4977 7639 1532 3673 3815 9985 251 5399 9963 916 1042 5640 6177 474 7942 2426 6687 5602 1177 9867 1824 1168 5156 5063 9960 4868 3196 3246 5112 3076 741 6459 4378 2296 5662 7939 7974 7287 7220 2425 5751 7747 5611 9062 1541 7617 3560 9852 6174 4729 6956 1527 8392 9786 1665 2910 5928 8141 454 9333 2863 8236 1841 9375 898 8058 9019 2102 3789 4199 8921 4793 3966 1143 1256 6157 9416 4327 2539 6204 3418 1578 3222 2144 2329 669 6890 7783 3205 1864 4651 75 7773 9700 3468 9505 7295 6599 5186 4950 8447 757 2737 6535 4531 6908 5573 7092 9557 6321 5255 1460 3531 593 657 4753 3081 6859 3585 996 4028 6712 3288 1367 6456 1550 7456 4846 6589 2843 1199 4274 935 5006 5126 6421 8428 9426 1324 6265 7410 5318 9540 6451 5177 6343 6675 6860 1087 5655 6880 895 9486 6392 9748 3528 9195 6977 8235 2083 1999 4222 2430 7419 7042 3739 1994 7709 4521 3983 9663 4040 9781 5632 8707 8311 7034 826 6003 9107 5358 8290 2902 5747 9208 1295 9157 147 8669 3166 9844 7035 4425 9325 5745 7194 2344 6268 4326 9516 7878 2803 9280 5061 4409 2304 290 1811 9892 1074 36 8944 5960 7479 1583 8899 142 6126 8195 3037 6602 8299 9181 6774 6252 9578 3043 6696 8434 7984 8785 7898 6666 8732 3732 3615 1677 1692 6056 490 6569 3941 2380 695 8918 7174 7715 89 6884 2422 2864 6799 5016 3884 470 333 8281 8589 9843 7973 422 5978 9312 6166 6143 4111 2664 9833 1509 8075 1769 4197 9541 9079 1468 3485 2511 9718 2730 8801 3096 3054 9982 1052 4748 1507 3202 5165 1986 3197 2555 288 6410 2239 7549 7005 8531 22 5312 3512 8233 9607 2553 6557 3955 6959 8408 4635 9726 2300 2743 4192 3698 5909 7232 9360 4584 6218 4721 6885 9885 5281 5031 776 2077 9895 8768 7031 8863 5867 4999 2529 424 5823 1110 1444 9474 9849 4243 4313 86 4202 9415 8870 1220 5106 8501 7066 3558 4450 3019 5068 1889 1167 1077 160 7729 5865 7329 8139 823 5082 5200 9296 5080 7303 9085 7184 9593 956 6695 7545 6314 7369 8466 155 1666 3286 2108 4625 9174 976 8277 7057 6919 8655 5249 3658 8974 6364 5856 7595 9685 7769 4149 2868 2897 7464 8464 1912 2525 9065 2750 3566 9759 462 4553 2223 243 1852 7062 2524 2127 522 2361 4046 8390 2582 7196 2140 4385 7994 8603 8247 4800 4009 3396 7129 5519 7172 2090 9518 5321 6232 3091 1147 1208 270 9646 1054 1734 7299 1258 4626 4146 9350 4774 7950 8375 6514 1826 8475 6689 9632 60 6931 3446 5937 3078 1459 3844 9483 4704 5824 3260 6118 4784 2827 9604 4703 8052 395 8968 4104 7537 4416 3571 9702 9056 6990 6621 168 4414 8457 9090 7998 3686 8978 6489 2448 9376 1546 5300 7702 3914 3115 3730 6590 2034 4633 948 8456 8547 689 6482 3684 3757 8350 7776 225 1456 9155 6491 9432 5379 2700 7421 4798 5738 9622 8336 63 9074 4184 3476 7907 5583 5970 4901 1021 839 6795 6809 9449 9311 3179 9790 375 4942 8036 6904 7450 5962 2960 2721 332 7542 1657 4809 8606 8160 417 3677 4379 2500 955 817 8860 4947 1981 5229 340 8049 2507 5243 5377 4955 8975 5199 7115 8439 6680 7868 2346 3433 1434 8789 7105 211 2984 4278 4646 3207 1693 1536 1808 3403 991 5916 5272 5779 7241 5067 6104 9900 1390 4589 3886 8619 50 8739 6765 1894 2580 3924 5717 5398 8509 9384 7894 4106 7670 9175 8969 1881 5227 722 2944 3801 7205 4051 9628 6394 2816 5679 5638 8999 8271 3492 4237 4440 6476 3420 2894 8719 5466 9114 1706 3340 4975 7480 6239 8649 8158 9535 4542 8855 7792 729 7283 5568 5454 9225 73 5905 3377 740 4593 8228 6900 8238 512 2832 4834 3509 2180 3807 9238 9010 4021 4129 2281 1319 7199 6668 1771 7067 204 3333 7387 4446 3833 6708 6064 3338 4922 9088 3920 9935 292 8720 4609 4747 900 3987 4735 8088 5577 6284 14 7132 4757 6520 9249 2134 4293 6140 458 5057 3466 3021 3834 9903 5365 1045 9041 8104 78 7021 5135 8410 9424 6211 7697 4887 1215 675 5328 7248 9251 1552 5015 4815 8994 6877 6147 2217 1493 4987 6395 4119 6631 9752 8773 7394 2646 9341 6788 1903 3190 2840 5145 1139 5147 5630 4710 9601 5157 7800 6754 2340 1360 6608 3695 9933 2631 4811 4123 2427 7534 5637 4277 5478 5325 6136 4925 2303 4749 240 7490 3116 3910 4930 777 2783 752 2563 3045 2387 29 5725 3250 5093 5 975 1413 1399 6644 1186 6125 9913 442 6381 9172 8825 2522 6320 7257 8642 9113 8399 2076 7264 6114 8496 6352 3925 2506 1464 3314 941 6992 4333 2814 3606 2991 1895 4007 7615 3189 6243 6951 5863 6858 354 2013 8133 9158 6517 723 7342 405 5231 676 9600 1252 2229 7760 468 5837 9418 2147 9080 8154 7393 3563 6985 8813 4563 9751 3973 9492 310 8903 1762 1387 8738 1478 207 1026 4622 1947 5911 2337 3409 998 1005 4429 2343 76 1611 3867 3257 1250 715 5320 9928 148 962 9614 3283 6927 5567 7527 3654 6745 9987 1420 2050 9766 1782 3230 4594 7128 4997 1641 2880 5104 6895 7252 7033 1866 699 9202 5211 9896 7460 372 7360 1784 1621 1072 8498 5241 7043 7556 119 5188 1297 8775 2031 4226 3182 1426 1948 5206 4142 9012 6149 4690 1336 440 3934 439 3967 913 3836 7591 9860 4251 3738 5668 6258 6414 4838 2338 7002 3498 6861 6014 287 7195 6953 5395 4772 8647 5806 7492 214 4823 7275 5523 8090 9884 8914 7142 584 460 7529 3603 9086 9994 6855 9387 2411 6241 7243 6791 4306 2793 4451 3061 5794 436 663 8493 9128 

Componente 2 (tamanho: 1)
Vertices: 0 

