================================================
           RESULTADOS DO GRAFO
================================================

Arquivo de entrada : grafo_1.txt
Representacao      : Lista de adjacencia

================================================
  ESTATISTICAS DO GRAFO
================================================

Numero de vertices : 10000
Numero de arestas  : 109977
Grau minimo        : 8
Grau maximo        : 43
Grau medio         : 22.00
Mediana de grau    : 22.00

================================================
  COMPONENTES CONEXAS
================================================

Numero de componentes: 1

Componente 1 (tamanho: 10000)
Vertices: 0 2068 8960 517 2921 1008 6789 6927 6262 6312 750 8185 6249 2582 8950 7112 7794 9488 6634 7203 6775 9563 1317 6207 3528 7797 2946 9962 1702 9436 3567 8300 5759 3700 8983 8825 8081 3738 8460 6064 6707 3289 8474 3621 6094 7760 6704 3228 669 9095 8016 8142 4900 9815 8158 2108 9126 155 7558 2100 7907 6167 3986 123 3130 6082 1429 9454 7624 567 4553 3911 7088 9666 4242 6181 12 8370 3505 2818 4513 2430 3223 7661 9081 8255 1914 1542 4587 2679 3015 5164 4360 8224 220 4151 4981 2861 5086 902 2635 4935 5000 6542 1604 5562 9943 178 2988 9060 9280 3035 7925 2057 2162 8323 9308 3524 3041 9171 3609 7857 317 7250 217 9118 2903 2409 7528 8042 9880 9220 5299 7701 2471 1328 6171 5127 3610 6233 9231 2067 1506 3777 8308 3888 4132 7110 1731 4020 9009 9237 7320 9938 9289 928 8989 1438 2832 7582 2628 2032 2994 7482 294 4555 8607 8639 9161 4573 6993 8802 4669 7785 8805 4173 247 5535 3920 2365 4124 8117 4793 3330 1593 4129 4007 9504 5095 2708 9466 9371 240 2816 7119 6932 5937 64 9753 3520 7846 6176 9187 8564 4346 3511 1591 4789 6351 9860 2682 8146 8963 1960 7006 2999 6664 9327 3365 6480 8857 2256 5551 8254 923 103 2488 291 6999 9801 8210 6041 2525 6595 356 2609 9501 1046 146 7065 4798 8914 4092 7562 4705 885 3594 4580 9971 9979 6443 675 709 8227 6637 2404 7388 1597 1535 4497 3566 7297 9512 2204 9001 865 8827 2029 4635 1662 3121 7732 347 5205 1162 7666 7990 3031 6734 2607 1323 742 1076 8077 2926 3338 2281 8868 267 5515 4871 2142 9343 5126 1521 6510 7286 7959 946 1529 3295 2964 1889 598 3984 9396 689 7971 975 2765 1337 5845 8263 4230 9307 4400 9545 5301 2584 232 1581 5490 5696 5298 9345 6391 6209 7026 6120 6038 5815 2183 5969 4464 361 2902 9090 2033 4000 7976 9738 2703 3931 4452 5160 332 8096 1867 3633 1223 6310 2533 4131 9814 1905 5327 8339 9211 826 8565 645 8457 3993 4521 8401 1002 3277 929 8923 2931 9842 3403 3161 7564 6540 4107 6268 7044 8408 264 2917 5043 2956 9516 4406 9611 7231 6125 7956 7946 5944 6275 6813 5646 9004 4277 640 528 1142 2473 5365 5351 6337 1398 3050 6203 1397 6218 2947 3975 8134 7188 9413 5978 5442 7322 2680 3240 5078 3077 9631 1137 4023 9736 7182 3253 5735 9874 1173 7426 7985 7136 9765 4906 2863 4814 1854 7244 8567 7679 6360 1371 8099 9431 537 9727 2101 3332 8015 4743 745 3611 368 3384 2128 4426 1038 211 6124 526 6675 3704 2233 5889 6593 436 6986 4455 7888 5058 3719 3402 2579 5393 7587 1494 1725 3028 8948 9785 4566 9794 890 9003 2541 5982 3953 5536 3749 1075 5807 2005 1942 3759 7784 8043 1146 133 7242 2766 5980 1648 3859 6266 1043 4017 7665 5245 9168 4533 7669 3556 3835 8651 135 775 9897 6872 483 9616 7249 8554 720 134 7906 8653 5476 9441 5050 5718 2317 1209 4628 3001 6621 136 4903 549 2845 3245 9522 3428 1196 6773 4362 468 5222 7838 386 4451 1004 3281 4394 6594 9266 97 5199 9764 8625 3172 5063 1556 7118 6759 1909 5989 3053 1355 7257 2359 9515 1312 8926 3829 8058 8689 3875 5025 3855 809 4567 9508 2966 1482 3906 6286 5340 3062 811 1375 6278 4694 8064 6373 578 1983 8789 8305 594 9902 532 174 8442 7825 6720 2738 6467 9924 1665 6876 9387 1776 6625 8524 8712 1064 6690 9135 3351 7951 8089 8703 8229 3256 3179 7552 145 2971 7161 484 5892 5203 7549 4954 7447 7939 4953 4491 6650 8986 6417 7376 2793 8119 6257 6397 2106 8080 397 1306 7986 7414 3208 6183 6541 2188 1931 4006 326 774 2642 1722 8933 5725 8124 1151 91 585 8718 2914 7876 3634 6288 3964 8838 597 8990 7475 972 7472 2195 4519 5143 6280 5936 5313 2152 5352 702 848 8413 4678 3411 3244 3861 9834 5445 7223 6725 7295 6214 4045 1756 5749 5069 8237 2010 6093 5416 3810 3562 7227 9002 2243 359 1780 4308 5854 6716 1698 7869 7873 2806 6592 8841 5670 8575 893 8129 4374 6750 7078 2670 7099 7839 4594 7383 296 4516 1334 1089 8036 4720 8207 7121 6898 8502 3298 3531 2848 3431 5863 8665 3391 3018 1525 6440 5859 9868 9417 7743 4120 31 3032 39 9683 2444 9303 8859 8971 4415 5791 724 6420 150 1767 6139 6893 3213 8204 1358 1614 1242 2050 7396 7598 6241 1884 4700 1800 9548 8690 820 5173 1271 3991 5887 5479 5754 7352 8600 6712 4029 7130 2600 1644 9964 8658 3019 3030 6308 7474 5192 8975 7461 8274 1497 2969 9786 5189 9021 6869 2377 2460 9272 4044 2948 6005 4611 9617 4671 6101 7137 6885 505 5265 8517 6488 2981 9614 4377 2727 866 6933 3039 7400 489 3802 2610 1619 7948 4542 6530 6536 9035 3342 8343 1347 225 5210 936 4666 6372 5970 9031 8306 4496 4929 6504 2458 1937 4304 8497 1071 7847 500 3418 333 3372 3191 6753 4392 4306 5511 2468 2769 7625 8840 2873 7423 5389 884 539 4423 935 378 5761 4825 9023 3210 9199 8428 9218 544 9992 9 8307 8292 5059 9854 5578 1826 224 481 5208 6374 9833 9994 8466 3600 5162 6563 5505 3978 8884 1015 5787 618 8318 9043 4813 7255 6680 3536 7004 4512 6866 2535 8620 8521 3898 5034 4493 4476 4724 7672 9260 8839 1508 2252 491 4947 2191 740 6844 3862 9191 1550 4930 2211 1309 757 3386 6828 6880 5856 5678 9383 979 4728 417 3725 2070 2809 2073 6446 5012 3207 9322 5509 8919 9760 2358 7689 7923 6242 839 4892 4883 6627 6790 4042 912 6975 2463 6260 6406 722 1927 7518 4584 5663 6277 6060 8374 7752 1736 5789 9198 3160 331 109 7636 4003 4771 9862 7913 1749 1610 7327 8561 4160 8002 5110 1430 9314 6289 5897 2107 4939 8962 7169 1441 3440 612 8341 7478 8 5355 6501 9160 6161 2614 1056 7753 7566 6156 6923 3745 7395 950 913 966 2299 3331 6451 8414 6154 2617 3460 9059 522 7072 1684 4099 3804 6339 6297 9668 3933 9044 1943 507 1433 7945 6926 4735 3811 3698 1540 1362 5075 8602 968 5538 5371 2802 666 8755 6321 9533 982 3452 2735 8877 1979 2933 6390 1765 9934 9931 9116 5732 6639 8061 8147 8302 1804 7302 2667 8353 457 6043 5959 9975 9680 5419 2858 7417 9262 1701 2422 7090 5604 9859 6509 9585 2867 7860 9829 1688 3744 9248 4518 3871 9569 9844 3995 1353 3297 874 43 4463 7091 1714 173 5469 9332 6839 7789 9092 3674 7163 2644 1882 6961 6553 7614 6347 2909 3429 744 383 8373 4531 9537 7626 1996 1063 808 6673 2157 4005 1763 6240 7761 2159 345 2961 1845 9966 8806 8289 8027 2791 1303 6457 4335 7317 1468 5253 954 5293 4193 2258 7714 5032 4834 9843 9835 9434 3283 4787 2567 4564 3907 2184 182 3294 2086 4293 7366 5967 3489 6478 7680 7226 6599 5397 1871 5612 8749 5112 2763 7802 6807 5722 4950 8054 8278 5454 8761 9420 1878 8972 2920 1991 1894 2899 9313 6870 5117 5790 9603 981 2650 4595 6264 2872 7494 6253 7533 2400 4976 8816 738 9708 8436 5 6521 1642 858 3563 9985 1259 1100 832 888 7958 4126 1880 7446 8742 7768 2896 7690 1180 3374 8180 3002 8587 4846 1986 2139 9442 3407 5763 771 9686 9480 8598 7547 2616 5156 1790 4283 2489 636 3599 5171 4957 1335 7678 3357 2234 637 2785 5574 5594 9959 6776 5155 4165 6903 7449 1949 3382 1338 285 11 3313 3798 1463 7632 3171 4287 8355 9274 3498 8995 5922 7997 9091 299 9542 1930 413 5374 2702 2407 1102 7748 9778 802 3466 7305 1339 8713 7141 6561 7209 5918 8614 4050 4729 3060 5401 9539 7111 4201 9186 3994 7160 9693 2099 8687 7318 2080 8312 6875 6259 9364 5403 3138 7863 7844 3568 3730 1354 518 4662 716 344 8375 5123 634 1922 9912 2035 342 4466 4723 4272 7204 3872 7134 8648 5860 9309 3950 3945 1443 9240 5751 6238 3547 6271 2384 4177 1696 8844 5409 8178 3335 8165 5811 302 8107 825 5130 6879 4052 6250 5523 7197 9119 6847 7966 3579 5914 5576 7172 9020 2046 3235 6186 8964 2352 5828 7509 2490 1658 8337 493 2922 5848 9945 8732 6960 2082 4766 8234 2573 4912 2519 1541 5554 5169 7283 3826 7916 1557 9523 700 9744 9125 2096 9883 7579 2997 4065 8189 876 6641 5915 5271 3133 3885 6123 5685 5823 8349 235 3049 2619 353 3905 1675 7833 6493 9662 5881 9051 65 1730 6848 1899 5960 3215 4025 1316 7508 7005 3983 4472 8953 3442 3926 2629 5302 3437 3970 3080 9733 6833 6840 9243 8371 6160 2580 9296 2925 8025 2416 998 7855 4750 3154 4385 5003 3831 5715 6033 8930 7762 8411 1668 9144 5447 4416 8723 9929 6411 543 5326 4334 7333 7667 4229 2968 3120 7492 8747 2587 9482 9754 9894 9845 3057 4255 3259 8556 7429 3006 8216 553 1615 7459 4181 8617 5139 6378 6786 2546 8003 864 1241 268 1225 8585 5899 1174 833 9129 3206 6395 4315 4081 7260 9127 1646 236 8310 8359 4090 7693 77 8010 1351 6508 6610 2333 5567 425 3192 6814 7174 1898 3794 4702 4285 7648 6660 5742 2870 1647 8705 6535 2476 2804 2992 9547 5105 1517 4759 7279 6939 8017 6340 2179 7007 1761 2919 1325 6143 4133 627 6028 3809 2098 1010 9045 7539 2710 2634 407 9275 8777 8486 7381 9256 4928 41 872 8183 9290 5666 1122 2484 7660 58 2438 8090 9976 7143 8138 4425 9361 2548 2552 8901 2828 3612 8320 9590 9134 4817 1148 7319 1179 6184 1048 1685 1992 6142 8394 6016 3755 4863 4621 4373 1755 2643 5676 3007 9011 5410 5808 450 1785 5798 3892 1940 9285 4905 1950 930 2375 1036 7034 6888 8674 7173 3716 6137 6696 7933 4112 1794 6304 1039 1565 7611 581 3685 6244 816 5917 8196 3381 6830 2980 7179 6737 3688 8515 6037 57 4268 6850 8315 1134 1754 1245 3487 6729 8311 7277 2574 4102 6694 4022 3239 6062 9039 1628 1406 7936 335 2285 4864 343 5664 3655 7087 8335 7154 3957 9989 4492 1833 5193 4314 197 6380 1908 1311 3922 6223 1793 5650 9315 2673 3157 1182 6056 3393 9756 8021 4152 7192 536 3426 6350 6401 162 7269 7529 834 8644 8299 6958 9665 3943 1116 9967 7898 7542 5345 3380 8664 3143 516 1568 3114 4646 1213 1158 8433 8941 2823 7922 2013 7185 5065 2105 925 243 3722 6892 4323 3532 4144 3042 2748 3461 9896 5851 2883 3216 6670 7772 9699 9745 176 3115 9451 4534 2839 7348 5303 2185 3785 9866 732 9606 181 7851 6327 9951 7486 6025 6855 6900 561 2544 5093 9916 153 3589 5367 953 3971 4861 5072 8500 4614 3617 7525 3124 5100 7991 4819 3174 1788 512 7878 9363 1440 5543 5896 8246 4185 9025 1721 3036 6662 2827 8951 428 6225 4316 4726 4738 8228 746 9562 3113 40 3708 4211 3373 7744 4244 6322 8849 9238 3367 2393 29 7175 2669 4945 6343 1768 1212 1533 7123 4999 5933 2389 4982 1017 8657 9498 8677 2821 2254 7502 1953 8559 8125 7804 3883 4898 1778 6854 4305 3808 8065 1493 5368 7608 999 9415 3818 9768 8791 8501 4351 3990 7788 4412 2420 9079 9724 5659 6663 8579 4288 5654 697 6469 6934 5842 188 8102 6302 1176 9961 7596 6098 9063 2973 8345 9698 1981 5953 7864 7793 4439 3824 7927 9065 7307 5814 8461 8110 6096 6144 9948 5044 9784 5979 494 8605 4598 9579 6654 7195 5764 2388 9339 2829 7069 1959 6068 1744 9381 5492 3344 4597 4648 9311 6864 2714 8979 4089 7274 5087 2311 8498 7949 2723 5212 9634 9685 9721 2448 3783 1132 3010 9965 1901 8580 1900 790 5346 2694 2202 9194 4265 3942 4641 1067 1849 210 8856 1918 7704 4941 7969 695 1840 7457 1821 758 8265 4149 1471 8866 4367 9360 2719 3866 9329 4432 3061 5366 8296 1119 5575 8132 7557 4276 7326 411 3726 7342 1582 1169 8450 4329 889 1815 1387 5752 7104 5637 8792 7236 5627 731 4710 797 9973 2482 9344 4157 8395 424 8578 4730 4445 6454 5713 7048 1500 8566 9564 5238 1881 9519 6336 3136 8202 7954 2815 7783 8156 7131 4951 8454 7125 125 4039 2884 102 751 1224 5074 3626 5318 1832 3542 3497 6319 7282 7299 5779 6703 2103 5480 3849 6345 1623 4804 4398 1216 7458 2534 2985 1817 2570 4664 3454 4915 1080 3092 6860 1133 9739 9110 9040 1527 1082 7454 1291 2028 9865 6769 1448 6407 7184 9660 9543 3355 4086 1442 648 8390 5926 4971 5606 5614 9357 4212 5041 5005 8419 4585 3997 5563 5412 1705 3339 6752 5884 2594 9570 3044 7061 423 3529 1598 3696 350 3290 263 71 2696 4530 686 8880 9024 9318 5882 7816 4355 3865 6029 3770 9408 6248 5066 9342 5825 2803 3445 2382 5194 7684 3074 6859 8934 6424 2045 7782 5934 1254 8822 3768 1544 4812 6153 2743 269 6552 3209 2588 8774 2774 2771 7156 6221 2944 4884 3084 6483 87 290 4280 6013 1962 3070 5116 5935 4797 5757 9568 3047 9069 2319 5090 7506 6497 2646 7443 6995 8532 5496 2265 8267 5061 2278 8247 4596 2321 5947 6505 9219 9927 5206 5284 4158 8891 4788 2390 604 4983 6943 3106 6715 1372 1485 4434 5085 5909 9758 6616 2509 7198 8513 9986 5568 2210 8097 8772 3022 5983 5281 2935 5489 3554 441 9963 4197 5700 5145 6891 5001 9385 2171 4934 4442 2177 2725 2222 3686 6168 6014 3234 2474 7519 5829 3546 8641 2115 7896 4849 7560 8111 8676 8752 380 8634 588 3190 3766 8682 7700 9008 1751 1343 8903 540 4626 9903 1726 2293 3024 7872 8144 7272 19 9681 719 5337 321 221 7676 9521 2362 8604 909 1695 9836 1019 7356 2851 5035 7363 3465 7001 948 2598 2904 5616 6371 6788 6458 2295 9957 8376 3764 189 426 1428 5176 5913 185 437 5737 9354 7634 1787 5113 3337 7771 3534 4683 3346 583 3349 2302 8410 8131 1363 6091 9449 4748 9037 4524 6829 2363 2807 2387 2915 5793 960 2097 2590 7493 9911 3853 2272 1188 582 6201 4790 5161 3966 1877 1201 4997 7368 2434 9950 5406 4219 5721 7713 5407 2987 2136 3427 8888 5020 9159 463 4130 1875 5537 2817 3817 5137 85 9566 5541 2853 794 5526 615 4776 2520 8157 4340 4913 6672 8268 6410 5581 8198 1069 4488 8127 8169 6450 3155 5771 7092 4298 7233 3544 4381 4507 8629 4845 9581 6236 2016 474 9827 9936 5335 1301 7503 3916 6740 4823 8694 9410 9047 7116 5794 595 6519 5444 6728 1157 3066 8932 3889 9646 1161 2838 7015 433 4792 1462 1356 1091 6409 90 2641 2232 475 5704 6987 6267 8663 7308 4942 1972 8709 9470 9619 5584 4437 1095 8060 3550 6357 3472 3721 3527 5488 9536 9032 445 1140 3646 9176 623 3443 1919 7736 6182 8529 2088 9876 6085 6105 6570 8384 8098 5120 676 5421 5553 9027 5237 1230 8188 3724 8333 8325 7468 7098 82 56 7514 6523 8858 4209 1587 3695 1159 7075 5799 6795 4576 5484 9481 8164 7662 7728 1786 8286 1886 7346 7843 8766 9567 6632 9706 5857 1576 681 9249 4330 7796 9499 520 6126 1861 9977 6754 3701 9375 9696 2750 8279 6107 6367 9978 8994 2143 9601 6606 7780 5247 9755 1472 4100 4485 7727 8811 3300 9651 3150 2522 6732 6255 9393 6486 710 787 8317 9852 5007 1486 7521 3292 422 5632 842 1655 4483 3574 50 253 2991 3792 5328 5122 3481 3814 6539 2350 8854 5400 635 6229 1402 9325 7499 9054 7571 7718 1912 3449 2593 586 8367 5353 108 3184 4217 7437 1862 4125 3088 7014 9406 881 2824 8735 8187 4191 223 2024 1094 2203 8291 6180 8733 9695 5288 7504 7940 3242 693 7511 6300 9496 2309 3122 8790 5864 3193 7245 8103 8549 5504 9901 6254 5336 4563 6432 6671 1489 3571 789 9825 4487 1412 3435 7371 9932 2395 327 2410 3851 9525 5329 3614 1632 6061 7786 7018 6913 8088 2167 6475 5082 2155 8679 8692 9177 4438 4837 9221 1856 1678 6067 3131 9397 1217 8114 3512 1381 6557 2545 2940 9793 5642 2716 7883 1341 7845 60 5701 1202 8531 9414 6758 249 9241 6191 421 9808 7532 9583 5175 1450 5529 8536 9453 2713 6817 5991 7507 420 5623 3175 3025 9254 1099 4744 754 6108 3935 7009 1374 7241 5628 2274 2360 7235 8900 6628 1609 6700 3414 6647 6389 61 2833 1136 7031 9223 8181 8748 8201 511 23 1592 7102 1222 5439 4145 707 5501 6246 3604 9750 111 2244 5565 4222 6379 9553 370 2163 165 8508 894 198 8633 2026 4943 5073 806 7303 1044 157 4704 8831 7585 8053 4164 8659 5658 5215 8739 5404 7908 5588 3748 7688 7222 3959 7607 287 5898 5534 6990 7328 6676 5769 2842 4363 5198 7657 6677 4561 9341 4248 4523 4838 3401 8232 7344 5357 5641 1784 456 171 7837 8475 5966 7526 5174 2043 6515 3680 5223 3094 551 9162 4122 5545 1994 8013 3595 9175 2282 2687 8530 8047 3089 9970 4642 1240 9458 9889 4176 7248 1779 8967 2063 363 2238 467 4847 9424 8223 5180 3683 2508 4762 4701 9203 9798 5687 879 1998 6692 2636 6928 6697 7719 1239 1093 3293 4926 2335 4528 9376 6265 2664 9839 4231 6981 6921 2091 8812 7852 2767 5285 5686 2132 4737 4919 389 9781 5185 8397 7516 5054 7281 3318 2381 4154 8973 3976 3168 9996 3706 7500 1455 3267 8704 8435 9076 2835 3268 1602 1288 7434 6577 6243 1272 3601 4546 9625 7510 4962 8938 3496 3334 5919 6419 4609 1473 3486 1860 9908 2324 8225 6174 8882 3592 9578 487 447 8412 1663 3444 6598 1791 7214 6741 476 4031 7944 880 690 7577 7431 5457 3212 6645 1346 1839 9411 7902 4684 3509 4141 3981 6050 5531 9672 5984 5760 2060 621 6806 214 8939 4136 7890 4835 1484 3904 4156 9066 4588 1232 2645 1680 6656 8969 1135 7565 9629 4202 1573 8860 7477 1771 8974 3573 1967 9591 208 798 7687 3720 8542 5716 7067 5283 1070 8945 6585 2383 8398 9999 6858 3051 4508 3944 1049 7275 4273 6580 5239 721 5221 625 3776 27 2023 995 2712 6464 824 4731 3537 2366 3815 8808 4192 6199 3523 402 6270 5758 8981 6179 2692 8430 8173 3182 8039 9366 139 2284 5707 5890 2077 2950 7358 9075 5477 4932 6904 6441 6887 8331 6193 9212 9302 1264 919 2505 362 300 2316 2208 6003 9509 2875 9422 1569 7420 2510 4266 7524 7950 404 3376 4408 9166 44 3757 4409 9473 668 1073 28 4413 9258 9984 3441 1818 1195 2640 4918 4986 5497 5287 5472 6146 8993 6721 7329 9730 5656 2501 1906 9140 9828 5867 1031 734 4450 8977 7147 6560 6537 6077 5775 854 8154 1897 7153 8711 8338 7021 1874 9645 9717 5744 5883 9813 7633 1361 2624 3602 7671 9752 868 4354 4056 3020 8459 7629 1703 6618 3535 5006 4267 5792 1029 9208 8095 8383 9437 8350 6138 3222 8019 6513 6655 6579 5803 1035 5252 4514 7935 319 7513 9100 7751 1467 2004 1599 6687 2894 7028 6554 5200 6569 8330 3500 8290 8028 2053 3507 5626 5755 3670 3147 5906 9340 6818 5026 5910 1065 5350 6755 5347 9421 307 9362 5524 266 4232 2941 4094 7079 5868 4379 653 5369 6522 3530 2305 6418 2697 1888 9222 8758 4990 4424 3820 1728 7987 4695 3317 3026 3699 1418 9255 2083 3148 1963 7787 3967 7232 454 4974 860 5583 8796 2658 1783 764 7867 906 3438 100 9532 7398 4727 1961 2605 2762 1177 8872 8451 8155 5585 8262 941 5903 6402 5408 7631 9787 1534 8535 3742 7685 8070 3583 1011 4436 6702 3350 3125 5580 2110 9838 5816 4914 992 5773 1382 2315 6384 4054 9277 9165 8086 5462 819 8369 2277 2530 9770 9719 1446 9671 3657 4839 8534 5274 7877 46 9153 3369 1831 1345 4261 4454 2747 5734 6865 7723 4168 9195 7749 7901 9561 1027 2481 8387 3048 1808 7703 8583 7049 2465 9981 2193 5183 6426 7205 6800 6823 6079 3248 8503 4210 6942 4459 4894 4820 3565 3900 5549 4869 2308 7378 8978 4299 73 4134 900 5114 9809 8876 6080 4586 908 6678 7012 8669 2772 5648 465 2630 1025 385 6471 609 9224 6746 2346 1432 4336 2220 6529 2814 2801 7144 3149 6315 712 93 3615 8115 2216 453 5516 2075 2361 7177 8083 962 3805 5852 5278 6331 3760 9528 2353 5880 6470 7538 2235 2657 2741 9029 5168 5710 282 1978 237 8768 2275 8801 2069 391 272 4457 3085 969 5615 9216 6166 6086 419 9146 2504 7287 22 2674 8270 6356 9690 4430 560 5597 5645 4478 5560 2539 5943 1282 1414 6052 2018 1139 5930 7292 9152 7063 9180 6674 3003 1732 7335 4083 5474 9093 416 8815 8106 8483 15 5151 9236 7489 5957 2009 7442 81 3492 9550 8437 5111 3195 9395 6965 5500 547 1890 6744 3499 5309 8722 4498 1553 9507 6842 4117 6172 310 6613 519 5772 7730 4098 5675 439 752 5599 2986 8850 2943 7952 190 9112 8785 626 8563 5468 2776 9694 4270 6422 3697 1547 2515 4622 572 9328 1410 4958 2555 7809 1292 5963 405 70 2720 971 8360 4378 7726 7055 3119 1707 143 3932 1944 1528 2470 4967 4880 1229 1563 7759 6901 1532 4279 4712 4369 9349 9263 6821 8661 3728 4721 4889 9737 3220 756 7481 4829 6518 7140 3091 2212 5197 3958 7261 451 6745 3580 6301 4296 4807 1560 1469 88 4685 6951 8193 1847 1456 3846 4654 1088 4693 2957 8297 1842 1995 9991 5636 521 2652 6365 3782 3043 8525 1123 6325 8999 48 4327 7572 4262 2020 1811 4677 8652 6057 2351 9589 504 9648 5837 6044 2880 6527 6533 9333 8493 9777 2076 8163 9435 8139 5159 2856 3525 6506 2182 2820 3640 4679 1973 9576 1741 3962 5846 8728 4169 258 4661 1601 231 897 3949 5834 7234 5424 1320 9174 9378 4105 8056 1476 2241 4527 5261 5018 7392 1543 7316 6381 5928 9067 2 2392 7206 9131 7651 63 6136 5179 3860 7213 5961 1626 7960 9170 312 9762 9257 2012 8372 1231 8160 4659 6173 4114 2918 4414 4853 1366 4350 1112 8609 6977 3423 7157 2556 617 4252 2296 9019 6761 6231 6092 2149 3017 2372 3653 7324 2330 4877 1074 6937 2782 7254 1156 5766 9626 6104 3894 5679 562 5573 4187 3980 2967 187 4885 5296 1206 8046 2369 3021 6423 5600 6911 7965 8405 3882 769 20 8594 3261 5503 9711 8599 5818 6974 2549 8399 887 1802 4653 8295 977 2326 2199 6983 3284 7708 1954 2337 5548 5649 1109 6804 2995 5344 6000 3891 2871 4949 3519 1210 1244 461 3288 843 2310 546 3620 9731 5150 3676 2467 8314 2784 7828 5902 9057 9270 6837 647 837 8645 3129 3468 3938 324 9596 8140 2401 1257 2536 3181 2755 2040 7445 650 5067 7531 6638 8029 6317 9460 3102 1990 1127 2726 9305 1965 262 2329 8485 4520 5876 2503 8540 805 2924 4182 3643 9038 7563 6072 6487 4938 3650 3359 8190 2677 4214 3457 1677 213 4959 6714 3126 6200 4965 6455 6727 931 6256 5013 8362 1324 6296 1313 1059 2217 3229 2639 699 6600 2780 4322 1057 4503 1376 7362 644 3886 3652 128 4925 8420 9214 3296 4278 9714 1022 5370 132 5131 7712 9797 9099 5475 8753 911 8547 2746 3488 4772 5433 7955 9294 4607 3736 4215 2893 3572 1904 194 9632 5631 158 7646 2936 5458 5172 4333 5258 2601 2181 2854 9549 793 4537 412 5564 9995 4972 2089 4815 306 8261 1935 5821 3877 6192 6178 3999 6765 9392 8329 760 191 2786 3746 301 4716 7609 5699 9351 2524 3 410 7496 8281 1348 8133 6298 630 5242 9520 5528 1263 2450 8751 6269 364 8055 2065 3194 8675 9388 7881 6328 559 9663 5405 3854 3660 2304 3004 8171 663 37 6685 6895 4239 2376 7942 2247 7740 8324 4482 565 2799 863 5428 6361 3230 5965 8109 4840 9085 55 2015 5157 9822 6388 5314 201 5962 3682 4643 2517 7019 4969 2615 679 8698 5427 3848 6412 1552 7721 7822 3987 658 2612 7750 4556 1310 371 4911 7716 5861 1427 508 3310 4082 8820 4016 8976 5260 6881 8782 8736 9304 4494 5655 921 7057 4317 5225 810 7725 2826 9954 4063 7189 9138 7887 382 6046 7814 7296 3996 1273 9372 3151 2788 1470 3059 8824 7543 6603 1700 415 4921 148 7170 4123 7682 4295 4290 3625 2426 2119 2603 1564 7854 1887 4147 2672 6766 8610 8212 5950 1034 5461 4331 1066 7171 4647 5506 8597 7268 3560 6781 1262 3388 2678 9582 2874 9735 4489 6252 9000 7064 4691 4080 9450 6824 2479 6896 4936 4465 8940 1023 680 7265 4862 3549 67 3046 2025 2900 2844 9209 6651 219 9391 9803 7394 1457 5459 4855 3790 1285 1477 7937 2437 8526 9062 6437 2843 7464 328 7578 1369 6403 785 6282 3879 2421 8678 5587 5738 4208 1502 4736 7900 2722 8266 4038 8781 3117 743 4809 9511 6778 905 7300 910 105 646 5726 3939 3249 8179 3450 1297 3727 4785 2661 4256 6461 3217 2618 288 9430 8776 2729 9510 2371 3118 1622 5334 1855 8239 9281 784 3199 1498 252 6791 9795 2798 624 5295 4024 3309 9276 4904 1775 2276 340 3052 4956 9423 5333 2034 5219 9776 5125 9121 3132 7367 5290 358 2732 246 3521 1617 365 9757 406 3816 5358 4782 9529 3265 1033 8351 5952 8159 9743 7438 849 7894 5559 2131 1844 2408 6481 9592 4822 6462 9412 9982 8378 1716 86 5342 59 8208 9227 8052 3843 1812 1021 9444 2483 5677 4153 6281 5720 993 7374 8293 2455 2286 1214 9457 2092 8391 5158 7284 9443 4170 376 3874 3280 2118 1238 2659 2116 2456 3506 6968 3504 1466 212 9386 4581 6971 6624 8444 7938 1168 2236 830 3303 1319 1773 3324 5635 6285 5786 5878 8741 8348 6783 7535 1165 2154 1920 7029 1612 4502 9688 4250 1810 18 6332 1042 5436 1072 3925 7436 7076 7540 337 6956 6826 2124 9261 4687 8020 576 9115 994 9993 9774 5916 739 5820 7930 9918 3316 5717 9732 8550 778 2085 2125 7199 2229 9418 5669 4368 800 5579 3417 1114 9555 7421 9402 2561 2156 6314 5812 7909 3667 2461 7151 4550 8655 4619 6822 4577 3545 4843 7705 6002 978 5891 9613 4741 6323 5450 2219 6342 8949 6640 1435 4064 7462 1172 4190 1989 7393 2560 934 896 4717 3771 9034 8062 698 8757 4657 5079 7520 271 4765 3336 3522 1068 4079 9204 4896 1915 2341 9427 1255 6992 2280 9524 313 4470 5144 3366 8970 9812 9446 5300 3285 4033 5885 2497 3278 2047 3769 3340 4068 7387 8906 7602 9650 4257 4830 167 2368 2214 766 6636 3260 8008 2923 3200 7370 6679 4808 2003 2849 5070 442 1720 7931 2435 4018 9674 1633 813 5106 2954 6150 8504 1923 5662 9749 943 2288 5101 3123 6936 8719 5836 5603 3291 3189 6924 4405 4104 8636 6035 8509 8045 6216 7321 114 8619 8443 8512 8586 5692 5055 1681 7133 4310 9643 1392 1850 838 7216 9050 7803 1589 2554 9448 141 227 8716 541 396 92 2978 4281 298 3219 1359 5024 2898 7799 9359 5748 1664 4292 660 6500 4328 997 9297 2153 1117 9355 1816 5673 7515 8463 9232 5280 72 8991 2087 8449 7228 1385 2055 6468 1275 9575 1618 4393 9919 6666 9226 9490 309 7455 9358 131 9370 2340 5414 1115 967 7505 3591 4760 2739 1024 6691 5964 6211 4757 4697 5154 4682 2192 9374 1481 5381 2701 2356 6251 5356 6386 177 5036 591 3073 3306 3558 1596 1305 4096 920 1183 7340 6385 6889 5499 9710 2464 6596 2758 8309 9953 7239 9661 6232 1823 878 1377 6122 4627 3202 2975 9618 2599 4742 9893 8894 6425 3648 983 8760 3812 5756 8562 5514 9252 799 515 5602 6392 1782 8244 8915 1237 4515 8800 7416 3651 5138 4931 7895 4245 69 3110 767 796 3630 4167 9094 9641 5481 5674 4719 2855 2542 8640 4119 2559 1085 5251 1748 4617 4980 780 7035 7886 8543 9853 9202 3314 6492 2495 9097 6856 3299 8875 6311 1058 4875 3671 8219 6910 3269 3233 4850 6213 4675 7336 5911 8616 3016 932 3840 5540 4827 6698 5104 9802 3960 6335 444 1005 431 1083 5463 7105 7412 8066 9384 3097 7972 1902 8793 6219 7731 9030 4699 1781 7158 3827 7801 84 222 4402 672 1248 1876 5873 6476 3266 6825 1453 3141 8072 3227 3356 8918 3178 1403 3631 6503 142 8615 2300 5483 5709 357 3998 4526 4583 7037 4289 21 372 6955 2228 9404 1629 7311 5097 4427 112 7142 1077 5723 9968 8273 7127 9819 5204 7372 5681 8126 545 4386 9546 2334 6364 5797 1265 2071 1588 1891 659 7904 5128 6326 6573 9400 620 2343 8925 8576 725 7247 4387 4047 2576 9882 1081 6294 9292 7046 2840 6713 4876 9184 3608 4618 7791 1964 7068 9610 4475 4575 2454 8621 4325 3176 2951 4663 7441 9373 1445 4946 6819 5781 9048 3037 7861 5968 1391 8217 6988 3095 8356 9658 8608 6048 7934 2109 6914 7774 241 873 3539 8472 4137 4927 6931 8988 684 3279 8957 822 4991 1513 5546 6827 2078 490 1299 5134 1798 6792 8214 3842 5998 1106 6045 7978 9105 5272 2001 469 8407 8927 2897 5241 1673 497 2728 3642 7880 3361 3869 9046 2166 5441 9878 1150 1364 434 3107 4036 1045 1278 5372 3989 5988 4831 5586 2487 6272 1327 6686 151 5094 1694 229 638 5482 692 74 2294 8821 5719 8929 9053 3142 5855 8482 1579 8729 8191 5388 2386 8799 6009 9416 3800 7074 9861 7756 7645 7917 5022 9915 3204 6544 3517 9906 6574 1415 2668 2683 613 657 3307 8044 5165 3729 6188 7181 9615 9638 5993 4632 89 1321 3691 7041 6162 3795 5297 9287 6453 8112 4844 5021 8833 5946 4536 6452 2550 9463 9335 5809 466 8541 379 5011 1437 464 566 2959 6121 5348 9782 7811 8448 2391 1399 3618 5033 3156 8740 3034 3973 9346 2117 9407 8340 3588 2093 4477 7129 2245 2198 7024 281 1037 8453 9439 2267 9742 7059 4053 4893 8627 845 1824 5148 944 1124 4984 812 5323 1475 8492 3446 2499 1717 6387 1627 6918 2396 5102 2886 3064 2187 318 9905 857 5956 9571 279 2399 7270 4155 7830 8697 4228 5495 9139 1423 7146 6767 6466 5849 5743 429 1637 9149 5064 7568 226 8231 8589 9552 9678 6630 4505 1333 807 2547 3395 8769 1999 7439 3587 2354 803 4254 8516 7360 6907 2054 5167 3067 3071 6405 9485 6584 6187 4933 8342 8078 579 8898 8507 5464 3585 9409 7373 4539 5275 7992 8954 3607 8094 5838 5705 9089 1421 674 4078 9487 827 9987 4676 2831 6547 8522 577 6564 5264 8539 4271 1635 503 682 4085 3513 9108 7998 9377 3326 4961 2690 2297 1869 2126 8496 8996 5566 656 599 2242 8489 1386 5695 8681 3929 1643 7546 9026 8671 1792 5363 1420 552 7915 1488 3109 5871 4548 6834 7758 2180 5832 3322 47 5770 8381 6114 5077 9947 355 4751 6023 7404 6743 4048 7263 8942 9769 779 4291 988 3774 9484 79 8233 4620 9150 8730 2955 192 6882 6069 6684 8537 5202 4779 7746 338 7840 1522 3270 6575 6090 4484 9502 7155 5610 4224 1171 9245 3096 4037 8853 373 6129 7237 5451 2721 8754 9898 7983 755 3348 6742 130 9922 8837 8613 3663 6295 7555 400 677 844 6973 7103 949 8631 4878 4649 3205 9464 1220 711 4043 7313 6448 4860 2777 2666 7829 8470 8033 2378 8952 1531 4264 622 6292 2170 8406 8276 2740 9173 6774 7107 6735 9806 7853 7405 5163 7476 3371 6320 5518 4994 3436 7095 571 4540 5498 1613 3681 7351 6404 1416 6112 1350 6290 6751 5446 7975 8804 1247 736 8807 6400 1932 323 9006 3065 3180 4139 1459 3834 5712 4395 4897 4352 4881 2532 8049 2891 1608 2695 4146 7628 3493 2138 5449 8280 7755 748 7962 3564 4058 4140 554 8955 1340 6799 4026 7875 1444 9863 1712 5819 3654 1404 4091 9586 6097 1434 4615 8186 8869 9265 728 4015 5466 1307 3392 6383 4854 605 9438 4474 8998 5099 8813 6820 7823 633 3561 4318 7463 7641 4888 7654 1835 5839 4188 7973 2250 6034 6947 3476 8828 6004 7219 1546 814 2649 3514 6784 4535 3897 1846 3623 772 8568 7926 1184 3921 9491 6511 4348 6087 2345 2654 9669 7834 2048 7918 1465 1693 788 7742 2949 4401 4836 1281 6845 6099 5071 2527 5377 2770 795 3320 2289 2292 351 6106 5908 1458 498 8250 8172 9623 6449 6861 2631 6890 5801 5364 7551 6011 7483 5824 1098 3847 6886 2478 7382 352 7397 9500 7359 2472 1746 5870 2255 8878 7194 1417 7815 5951 1796 3495 3480 4922 6185 8423 8382 5115 5644 6354 741 9229 6550 2529 1938 6031 6230 4501 7337 8313 154 2237 7979 8209 3714 643 1352 7020 6950 4722 9595 5380 558 3515 3836 8332 4088 5390 5521 6555 6815 7805 8685 8418 7591 399 8743 2663 861 4372 4051 9775 4681 3368 9401 2148 4559 2927 7433 6263 9692 3008 5207 6065 9148 1719 5796 6059 9273 479 4868 8786 159 6198 6978 6305 2095 3197 903 1495 1166 1893 5039 9622 6572 3419 8073 9295 3072 9425 9640 1518 8402 2273 6042 7663 8699 4707 9608 2551 4832 2332 6359 3850 7490 8924 4623 120 5611 4388 9104 6857 8452 8235 5924 7848 2027 6763 1762 278 4987 4275 5942 7617 5263 1055 4680 8883 7453 6582 6653 2443 5660 5153 5491 5785 7681 1866 3893 2327 1111 2502 3451 8851 6962 7124 7981 2939 4097 933 5038 6659 5430 5693 2737 1934 3948 6435 4370 9538 3951 7407 3711 7620 1014 3363 9269 870 5098 915 9780 7658 4517 6190 1819 4549 4375 7584 859 6841 2486 8363 9677 8253 360 8647 6957 180 3791 3098 1360 5736 4002 5269 8321 8618 9213 6946 3880 8725 3756 68 3484 2397 7810 696 9849 6460 4867 7128 2496 5517 273 7724 3362 5507 7466 5519 2689 3364 2061 8166 9534 6083 1625 3761 4565 1570 4630 1215 523 2436 2779 2808 3857 9505 3399 4332 965 828 8051 9535 26 6228 2385 9879 8946 506 8756 4686 1490 9725 5601 1928 5465 7905 3263 4665 765 1676 533 7627 8149 8881 1870 664 9709 7410 631 3555 9818 4422 9452 443 4821 786 250 8887 5049 392 5711 6959 6001 6964 8071 7298 2962 2102 5762 7920 2168 4435 5630 2736 1709 7968 2523 6447 4924 9228 6047 4339 1087 2469 4135 5132 3569 2836 5533 5558 5387 4631 1516 3152 2338 1138 7914 2830 9526 1692 3703 1807 9284 7957 1367 4127 7600 862 3246 9670 8885 4411 4610 1401 6512 4186 9197 7448 1737 7527 9182 2984 1952 4667 556 6611 3576 6626 1504 6051 311 7207 8177 7841 2847 5874 7056 6591 66 1287 6852 9573 7974 156 7085 7495 4297 9316 4282 7025 4014 2328 5426 6428 7114 1683 2140 6705 9107 2014 488 1047 5002 6899 1302 2052 2882 4592 7670 6646 6341 7664 5985 557 2318 2161 940 9913 7592 5184 8992 527 6706 5047 7045 8701 9870 1539 8693 5209 4761 9820 6276 8113 1718 5592 957 8570 2953 2627 5354 9594 2878 7343 3162 8197 718 956 9193 4259 3258 5625 4468 5633 2819 2079 596 538 3211 9312 5569 8465 4220 7240 3145 6197 3637 9310 3658 9122 3237 3459 446 4780 1652 4319 5435 8511 2172 1060 9654 8328 401 1296 6433 4456 1739 1848 3029 5045 5727 3841 6719 2622 8519 9078 2259 7008 7659 9178 1985 4495 8590 3389 6812 9369 3075 101 5244 4226 6318 366 5731 1128 8667 9734 2910 3410 4777 4207 4778 5023 3740 4970 5312 80 4767 7251 8243 3415 7656 8917 4027 9930 958 7073 7120 4238 8468 2705 4189 9070 4384 6699 1422 138 7638 7230 6208 6421 52 8708 7899 3955 1708 9390 3639 4111 2611 149 753 7132 5929 2787 2841 4560 6444 6797 4356 6843 2651 2908 1219 4 8439 8063 8491 8377 5609 4605 8484 9923 6479 8668 2270 1645 5316 9156 8145 9789 3470 4247 662 6749 3909 5178 1636 9974 9379 2494 8122 8200 2625 1505 6620 3902 6785 1797 7643 5981 6733 3275 8488 1766 6525 8141 438 203 9914 9472 2058 3226 8168 9268 9867 4213 1276 1018 3264 8082 5201 2970 3923 548 5999 292 5004 5557 5136 3101 3005 2913 5875 179 6293 9506 8546 6985 4249 6053 818 2405 4479 7534 4429 7097 2411 2175 4161 2313 9746 4286 4203 6159 4341 7850 3453 7196 375 4796 9779 4269 196 8902 4916 2301 8965 8467 1461 1394 7613 3884 5810 9103 9846 4768 892 3934 8819 4818 2813 3128 8673 8601 6089 9909 3751 8284 4021 3183 8847 1896 1925 6543 5456 514 8830 3977 5783 1121 5308 9847 54 850 685 1052 2907 7052 5605 1315 3856 4251 1853 3597 1752 6586 2512 5402 5745 4343 2264 275 1607 7623 2699 8588 9637 1605 8426 7386 1407 1509 2749 9492 4301 2424 5220 9624 4108 2686 2039 7642 7921 5229 7729 4121 6066 7440 4545 393 3387 5595 8603 1208 6394 9234 1584 2367 6012 1747 7487 3690 1577 6516 2558 7149 2676 6239 1107 9584 7210 6695 3163 7893 6551 5376 367 4872 9649 7180 8928 2339 6413 5062 1041 8794 5900 8518 9796 7612 274 9540 1496 7618 9676 531 5746 4035 8783 7258 3321 2620 5448 1757 7738 9872 2929 601 6366 9900 3575 6681 5250 4397 7259 4376 9201 3961 7278 2425 6604 2974 3134 1365 7982 2862 4303 6998 1409 947 4473 7471 1105 336 6416 1865 8135 5385 7081 51 5624 6883 3323 4529 841 1806 2287 5768 1595 2130 2707 3582 1501 286 9087 8084 7569 5473 1789 4216 5423 9718 8622 4764 8057 4364 9331 8322 2446 9244 7043 6757 3887 3705 573 8533 9301 2982 3784 6906 2585 3739 4593 297 5619 9807 4828 1977 4338 1284 9675 3713 3821 8481 4417 3014 6929 7384 8700 8248 1243 283 3668 4307 3405 3628 4803 458 5478 2036 1650 9288 5395 4067 2283 4294 8069 4441 9513 1799 1968 9196 7168 990 75 8004 1175 2165 1293 8161 3548 293 1760 3830 5680 106 7162 2916 2146 2990 3286 6548 4469 1795 2846 8336 8637 9791 7428 1228 1260 2662 5905 7885 7747 8630 8495 3078 2022 8584 8260 815 1384 1951 6353 6836 782 3378 4311 3881 2197 8101 7769 5826 3596 8997 4703 2865 2147 7849 492 9821 8429 8252 9771 3833 9609 1519 2453 924 2805 6661 7522 733 9429 265 524 5311 305 9605 5556 1326 8205 3750 9518 4801 8514 555 163 5147 4708 6997 3664 6148 6853 5862 9926 9467 9475 2566 6145 9158 5108 665 8011 8569 1966 1549 7013 2226 4977 6562 9005 9998 1575 3915 6032 8959 3578 9980 3276 152 4062 325 8817 4511 7218 5282 904 473 5593 6802 9380 6770 5955 9937 4749 9123 3919 7480 8120 2000 607 6952 7668 4032 6202 6966 7291 6010 7152 4060 5912 6897 2224 5330 7470 3772 3552 9324 1478 9875 2133 735 4887 3221 3425 4194 1805 4758 8076 9928 2306 3787 9729 2960 2206 8471 877 7339 5286 9723 2706 4920 4034 2186 8385 8912 5332 2044 3903 3055 7897 9831 4480 655 1988 8680 6558 2209 7280 7062 4084 3559 7221 6117 9334 2864 4672 4558 1537 6531 2402 5512 2230 9055 5455 937 7941 9017 8035 593 7674 715 1030 9960 3635 7350 1344 5226 7831 1393 2364 6528 1594 9639 9494 6722 6020 2568 8834 1524 7200 1261 2498 9155 964 7567 2419 5822 395 6565 3068 7581 6377 3447 9517 4774 8835 2417 1851 3409 8040 6473 3584 1892 6629 5893 8845 3644 840 3308 8862 6177 1449 5341 4118 9627 8480 768 3173 1620 8447 4073 9120 6794 6484 2064 4902 7424 8012 3801 7246 8018 6439 3105 6324 584 4504 5688 3390 486 4175 4183 8897 7767 9885 5954 3432 4784 852 2120 1007 4763 7294 3467 1809 3406 5411 7677 4180 9382 7093 639 926 3167 3878 4963 8380 2834 2932 2251 7781 5268 4337 952 2122 3038 9740 8520 7100 4572 4857 6078 5305 8137 1016 7290 2031 9805 6149 3424 1203 2246 228 4237 2724 1289 7215 5895 199 2591 4786 886 5292 7601 9147 727 8904 1555 4706 4879 4453 9565 1774 5235 3629 5338 6499 6846 7870 6941 6442 5231 1745 5689 7970 9083 5639 7697 1028 3013 495 7229 7238 737 9577 5986 5520 209 4011 821 4856 3232 1691 1723 3636 9106 6559 961 8221 4353 6118 9551 6874 5608 7553 5257 1583 5420 678 7 1777 7630 3753 8910 1580 4196 2094 6396 4313 1510 5813 32 4650 867 9955 172 2074 5850 608 5141 1199 4968 5276 126 9940 183 9114 2370 5434 1205 9317 3940 6930 3104 7637 9068 4634 7036 9689 6369 9933 6507 1050 7406 9722 3518 1750 1040 5802 3153 4616 5931 1984 3710 1379 5697 5590 7647 1207 6058 1971 6948 5975 4444 1460 8738 8316 4467 513 5234 5440 2837 509 3100 3287 9210 8218 1267 654 9465 6588 616 8626 6155 8326 974 8865 7575 4320 8458 2144 9888 9157 9597 7060 9935 5053 3198 5471 2129 4805 7211 2135 6070 2279 6972 1103 6024 7208 6309 5653 1671 9891 1947 4624 5262 9137 62 2477 580 5452 5236 1250 99 1948 3773 7379 8151 564 9086 3606 3312 9884 8803 6049 3675 5218 6279 8628 4109 6867 4471 9687 2655 9321 2151 2451 8643 25 726 835 8759 6801 2945 4740 1413 9476 8282 7190 2537 1143 8249 7570 1895 2190 2934 3956 3251 9604 7963 7813 4059 1538 4754 525 7776 3864 8388 5140 8026 5872 3918 248 8118 6130 2213 2357 3448 2011 7967 6235 6496 3000 5634 1715 7027 2930 1941 8814 8907 8167 2717 1483 3732 280 202 5971 7166 8650 9433 4910 2017 6949 5306 661 5188 708 9988 480 6748 6081 8048 3767 5432 5030 9495 3508 8966 4600 5046 5570 7512 1187 2937 4689 8863 3779 8886 4046 869 4263 8050 8987 7763 1332 1086 7652 9074 6 1724 7323 3139 5591 8091 1828 8714 289 1974 5776 5714 3788 6261 6878 6945 8007 3672 3255 8041 5422 4205 7497 9607 7586 4602 6652 8715 1322 4399 4150 2314 4842 2072 4715 9647 6587 9468 4799 4612 6151 2775 2562 3992 9022 717 4049 1189 6157 3079 2173 8596 4418 8206 4403 9264 2521 9667 6477 1980 9154 970 3112 7717 4562 9633 8038 5187 7556 2041 2178 670 2260 6578 5152 5009 9389 2113 1270 7550 959 8257 1487 4253 9143 2797 9071 6224 7826 1104 1554 705 7548 7707 3828 8505 773 6175 4547 9459 2518 770 1558 4574 4110 3127 8544 9033 883 2742 6944 9124 4095 6189 1160 4419 4221 777 8288 7773 7042 4644 8843 3807 7595 5620 4178 9559 4824 261 8415 1551 4258 5539 1641 5804 2511 9890 1603 2760 94 7465 7413 5843 6316 6590 7422 6436 8023 7266 2475 1743 3272 6738 2196 5532 1318 9772 3762 4218 8000 4128 1110 3924 2037 5437 8947 303 3058 8116 5974 7561 9944 6498 5992 1181 7576 9293 6979 2885 5561 5831 5907 4236 110 8985 284 2586 4569 9691 113 3301 4138 6491 5841 2718 7080 166 8696 3936 4172 9348 6873 2660 4241 1697 1389 6991 4937 1149 5652 8357 4030 3302 7212 4321 8319 8745 1395 5467 9169 2427 1426 2462 8649 2928 6459 9016 1 8358 4500 3099 3941 8283 4541 7435 6905 7980 9873 1976 1300 7430 9830 1536 6039 2569 4960 1424 4873 49 9474 7757 3243 989 8545 6811 3605 1090 7554 6349 3712 7819 1234 3717 1822 6581 4087 4851 8832 4389 4747 7603 7694 5530 747 9792 530 5191 8920 1370 7039 5690 6291 2977 7800 7331 4852 7148 4240 3252 7023 7108 4162 1331 3972 2810 2595 9073 5273 329 9557 7559 1515 3844 3863 2734 4543 7011 5010 4579 938 2441 5780 7385 6609 2429 723 4901 7779 5391 7818 8810 8148 5256 4004 5429 6474 200 7347 8775 7856 3377 8128 7806 9704 5629 3797 6210 8770 24 6164 3789 9291 9217 9580 6623 2972 3477 4655 1118 4890 8765 3540 8361 3679 6103 1852 7770 8464 6644 6490 7655 5057 3758 9751 7673 5320 5877 4070 6095 374 8258 5339 5182 1611 3103 7293 7427 5733 3045 6602 817 4009 1638 7101 1727 5923 3271 5304 14 8710 35 9682 2218 8366 8424 9061 1464 871 2248 6375 449 1911 9130 6556 6731 3656 4603 4606 2792 1006 4365 7745 3913 9133 233 33 8982 193 9972 4752 5291 1987 8006 9242 9811 1507 3533 6520 4407 1970 452 4345 1120 5657 3985 6614 2445 2253 7225 4013 8706 3412 8005 2859 256 9503 1053 8285 7696 6399 245 4739 3735 5977 1526 3577 3917 9892 6571 6809 8773 8087 1236 4608 2892 8592 8440 9788 2979 2998 1290 9728 7243 3707 3238 1178 3188 8014 6196 6430 3146 4225 8684 3613 8874 7691 4010 5525 1758 8958 1879 115 5088 610 7150 6329 4985 4071 3315 6368 5767 7033 5084 4988 8327 2623 5042 1145 8510 1163 2778 8195 2112 4061 7644 1499 7306 8108 6612 7778 9659 2298 9164 239 9763 4233 5750 3737 6831 8153 1141 3341 4174 377 1061 8695 8194 53 354 8152 7892 78 2653 3741 6245 2976 216 4347 7450 1672 1559 1590 1153 7988 9656 5027 6015 6018 2491 8199 7686 462 8721 5195 2336 8456 1266 3111 4057 9747 1733 510 5858 7537 2331 7276 3553 4284 3914 2263 1130 5550 3806 7710 3693 7735 9544 3370 6816 8784 1674 9497 9233 5698 6344 3439 6398 5847 4184 160 6925 6006 2431 7285 4106 8241 7488 7071 9628 4396 6131 6871 1155 7253 1198 1997 7593 295 2127 8642 7176 7460 4235 1480 8818 2137 7523 6648 1753 1269 8404 3876 5121 7000 3274 6127 8425 7402 195 98 6762 5691 694 763 3396 1226 2051 5170 9190 8334 4870 703 2207 9456 1474 2564 6912 5894 8624 804 9483 4589 7411 4302 7408 8798 5470 8352 4733 9250 9886 6982 9773 3649 6258 6346 7415 3624 5230 8271 3731 7139 7541 1113 9700 5684 2606 6054 8921 1689 9200 2912 1280 4709 6935 9946 9997 9096 2459 3397 2111 3684 8030 7491 907 9703 7932 9514 7357 5243 5060 1092 5417 8632 6307 9036 2709 5805 5667 5149 13 6220 4865 3702 5948 7808 3786 6739 3093 6683 1859 5486 1830 8670 1000 2604 5015 5765 8478 7256 8916 2090 478 7604 3780 1686 3483 9715 7115 2800 3661 9899 6165 3490 5938 7947 4570 3404 4557 1814 7924 1561 5973 3169 4713 4826 5224 8528 4696 3754 1682 4746 1710 3709 7695 691 7619 2757 2538 1946 3135 3328 6894 2380 7792 6635 1864 3734 1218 7314 2056 4874 9018 9850 8892 5671 2379 1956 5997 3187 1630 9910 6532 4076 5618 7711 4639 5643 4996 7977 6133 7353 7193 9790 9432 4544 2589 3471 164 8686 1567 7812 3462 3965 1661 6534 7066 7722 276 7341 3491 9759 4101 2221 4698 6916 5315 7653 6796 5232 5249 3479 6071 5259 6747 1246 251 5359 3140 6902 3581 9925 9939 6832 4055 3033 9554 5378 2008 5949 3501 9461 8913 254 2169 5373 369 8301 3747 1400 3541 6158 1841 1192 8022 3873 6605 1820 7649 973 1933 5216 1294 9365 3011 6768 8123 1574 3638 6963 5319 2325 1051 729 8259 2996 9267 4637 6938 6393 2958 8726 230 7699 3947 3394 7082 688 2516 459 5240 2514 1451 4688 7002 8473 129 8762 5279 5728 1211 1679 8788 5958 2415 2227 2373 3632 8984 2759 8455 4198 5228 2632 3899 1660 9398 667 3733 4382 5869 7882 8855 6234 435 1186 563 9826 9748 1330 3813 9353 4668 2433 6667 4770 4833 7467 5668 207 8571 895 3752 2648 6996 3247 7310 2889 9712 3838 3108 5083 9469 9952 1910 9007 2715 4640 1738 8936 9247 3056 6693 2176 8595 8416 8557 1431 5186 5399 1452 7635 7191 951 501 1253 124 8871 2665 4714 6576 8763 6352 9098 7117 6808 1235 4658 1945 7766 3979 2671 4195 45 2621 9707 3076 315 8422 387 4326 1003 2266 5544 4509 4955 942 2062 7432 5214 1233 2942 6502 2423 3763 8256 3305 5384 3837 3214 144 2002 914 9337 6631 4199 1256 4978 7984 6597 4992 6247 170 3551 5227 5091 5835 9206 628 1929 851 706 2038 4711 6152 2989 9179 8879 7054 7583 6273 8861 8499 6019 6382 3201 5888 8553 8591 16 7159 2447 7473 5996 4591 3241 9225 6668 8523 8666 9541 4802 9271 8744 6415 6649 4718 1197 2189 7338 8931 6862 2457 7675 1639 6073 7498 3662 2231 8009 9856 4756 6760 4891 984 2877 8392 9832 5542 2637 4973 3765 5396 1009 2540 6027 8727 1903 7530 3928 8870 9684 9652 9235 2320 9088 2249 7289 3890 7106 168 829 9028 3968 7273 6601 4075 1520 8400 6682 1512 1670 1801 792 2895 8236 30 5995 1770 6619 8490 4410 3781 1939 5029 3502 2983 6756 1383 7315 3526 2890 3282 2303 1666 8654 6026 3570 5661 2084 1336 9823 9657 3250 5383 6863 460 4590 7355 4858 7919 9600 7764 4964 3482 8304 472 9956 1921 3081 1295 6954 855 8409 980 5939 7817 2685 4204 3345 2466 5325 996 7798 1621 6514 9145 2773 1101 7928 4638 6718 2194 322 922 3137 8720 6022 8001 17 8646 1734 3723 8079 5076 7409 3329 4568 388 4692 9857 2348 5788 2744 987 5135 2007 5277 1975 568 6205 5124 2398 3413 3304 2507 5703 8638 4645 2811 6779 2905 4447 316 4428 1651 9593 9136 8944 1492 9014 5307 3009 2565 119 8889 4093 5362 4791 4975 3456 9766 206 3803 418 9816 7252 6313 3434 6465 6622 8143 5321 963 7187 6884 9084 3158 918 7267 9983 1425 9636 7588 2414 8211 9612 9877 4886 4390 1479 2403 9800 9697 2688 5990 8506 7964 2049 1640 4979 3503 7178 1193 6838 4917 5052 1274 169 5638 8551 5443 4811 2691 7077 2752 8846 9705 6147 440 6980 9587 2756 6163 4745 5571 1054 8105 4810 9012 5920 9205 7903 3908 1957 7650 9855 8432 8893 5866 3694 1152 7183 701 6128 2796 8935 781 9356 8852 9783 4312 8555 1129 8842 5008 3910 6299 8184 7820 847 9489 5589 9188 2857 9848 5510 8487 574 4673 6132 1669 1126 5438 7109 2592 7871 6526 9620 2633 34 7330 3254 9799 1252 3952 2938 5494 1001 8269 6170 2452 5190 8024 2291 259 8635 5640 5460 2581 4781 4952 6100 5317 1571 853 2021 1873 9864 2812 3352 9881 1314 6115 2440 2543 5485 76 1649 8242 3343 3196 9338 5425 6709 4753 3333 7484 7597 4940 3473 8226 3063 2879 6076 8956 4243 8379 9642 6226 4234 3327 5146 7126 3912 6642 3946 394 6953 334 4625 9323 8170 5647 3870 8347 9192 783 1885 5255 1436 5800 6701 5598 3170 9869 9817 1735 5853 846 9858 8130 1349 2577 2596 8660 5487 1108 7911 9720 4300 7777 1916 7288 4670 7485 9462 6764 9306 3593 9588 4652 2753 7832 6658 5266 3715 6568 8538 6782 9621 6771 3666 9082 4357 8469 95 976 3224 2888 8611 8560 5945 308 5142 5708 4361 6111 5248 4142 5994 791 8445 5080 5702 3455 1827 1283 8479 7047 9941 175 7262 8104 6456 257 8593 6222 6549 600 1454 6036 1690 1562 7032 8795 3478 2480 2347 7390 6940 2656 899 8162 277 4734 1514 5527 3087 2608 6414 3963 7030 7040 6803 3665 5806 184 2901 3641 7943 9871 6482 1764 3354 5270 3896 7122 5706 2578 4260 8272 9399 2571 6689 2754 1419 7715 4538 7824 4651 3603 1656 3165 1616 3262 2684 7790 2123 339 8136 9655 204 6348 991 9531 1078 5987 7953 7364 1388 4440 8909 5795 3673 9887 499 2647 8396 2413 8548 1164 955 8968 2349 6017 1380 5682 1268 2141 7996 2783 3895 7862 5213 575 6472 4421 7456 6116 5089 6021 8778 6109 7365 9013 6333 6212 5431 9058 6976 3598 7868 1147 9117 6566 6730 8787 5886 7698 7795 6334 7202 9598 7739 4443 5031 589 341 590 9368 7622 83 7224 42 917 8867 3420 2602 7501 3475 3494 7403 9761 9726 2850 4800 4171 4629 1585 7993 2513 9102 3218 671 7590 9630 7380 9440 5177 1204 6075 1548 9486 6363 1125 1545 5107 6723 2225 2174 7842 242 4783 1396 3974 4775 1167 6736 9367 9702 8034 1863 9810 4732 6119 730 107 5014 5577 9653 5343 1357 8427 2394 8059 2745 3385 3422 5118 8213 3845 5016 5621 6134 1020 5582 1308 8085 5037 8074 6967 1221 4041 9394 3421 3557 8354 9052 1251 7264 7070 6908 5596 7606 9253 8393 801 4993 4012 403 1936 7734 9320 2268 6787 3159 430 8477 856 4404 535 9741 7995 3086 4019 4481 6358 8895 5901 7053 8899 6607 2952 9405 2638 4923 8275 4166 6835 3203 2906 1304 4179 6195 6711 2675 5617 7874 8612 7217 5730 6524 2868 1084 6589 5119 8174 4246 448 1740 4604 1566 9990 5418 116 255 7083 5096 1813 4773 2485 5375 673 6287 7836 2613 122 4998 6434 2104 7859 2307 7401 9185 244 7879 6909 7858 5513 2860 5322 496 9207 1032 1144 186 7709 898 2531 9049 2693 759 470 5833 3144 2066 3647 5622 2911 2059 5724 7621 3619 7361 2965 4324 7589 9109 4909 3416 6917 4882 3325 6567 502 6355 9319 9298 6633 2428 7616 7165 8417 260 3225 3408 2418 4552 2312 9142 3687 3718 7304 836 7706 4358 1097 1634 8581 3311 9713 5552 6922 1711 8240 4113 9445 7377 5360 3177 485 7135 1170 762 5233 7835 7389 1858 2730 5940 4200 3799 9064 3937 304 7089 7332 4795 2852 1653 9077 9837 4448 534 5166 3622 6688 4554 7479 6376 5310 4578 8031 7889 9246 570 6970 6113 569 3463 6919 1838 6429 776 3954 4948 7573 6969 9635 6206 6055 9904 9493 891 2239 8577 2492 5267 5740 7084 2526 3832 8093 9426 6063 2553 1405 455 1511 477 1131 6545 2374 4366 8688 687 2322 6657 1913 9673 9259 8890 5607 5572 9920 7017 8203 7325 8220 8494 6074 8937 9558 384 8446 8572 7545 4342 8251 8829 7574 4966 5739 2506 5741 4069 5109 2761 8552 3458 9300 6777 2406 4460 1185 2158 161 1342 5392 3054 8092 3982 320 5665 6494 1729 6583 7418 1759 7891 8764 1657 3383 8230 4223 9015 3485 3469 5361 9189 2164 482 9599 5051 7354 6408 3543 7929 6877 6805 6274 1857 3474 2262 5904 398 5415 1277 2825 5777 5879 8707 3273 7910 2500 4461 6370 1687 2866 5056 1411 3901 1191 5672 3590 9679 9716 5613 1924 8836 7640 9958 5493 749 7038 6608 4148 5774 8121 1868 587 4072 5331 9917 9428 4349 1447 3069 2731 8826 6772 7003 542 8905 1606 7989 602 7605 6517 5246 2290 3867 2963 7827 642 2271 3775 9352 9824 6915 6868 8431 2160 7220 6088 5019 7369 5103 2150 7086 4806 2704 8438 5028 5747 2528 117 8779 6306 36 3988 9949 2114 611 9128 4206 2698 4895 6204 2081 9471 3353 1258 5294 3969 10 6717 1955 8287 6284 1586 6030 1373 6169 6495 7754 8943 7113 8344 7720 714 2355 4866 6708 9286 6427 1917 8823 4458 5289 6330 2205 2751 2006 761 8767 3236 9403 8421 7737 4383 3538 1600 9527 9239 6798 6008 5941 6362 2681 7425 3839 8100 6617 4344 3116 3347 8896 7010 8606 5547 2711 4794 5398 414 6227 9336 3166 7733 4077 3231 2583 6793 2794 4227 9151 8656 2795 6726 9921 2557 9042 3027 9840 652 4989 1279 3375 1969 2822 2700 1378 1523 1769 4841 5927 8441 7050 8222 4074 2261 9330 270 8771 7775 8724 4380 2042 6102 127 9215 1742 8662 8731 7312 2200 8368 7865 7164 3669 2201 6669 38 4571 8067 4582 9101 614 8068 9141 9572 4420 6215 7821 2269 683 3796 1408 4309 8750 1026 6665 2789 1958 8848 4431 5379 9942 471 2257 9841 3379 7994 7201 4163 1329 4143 7345 1013 3823 2412 7419 9574 7469 2323 8573 4028 1926 238 1012 7399 8672 3819 9299 713 4522 985 1227 2733 4532 2887 6438 4848 916 2493 4274 2145 649 7167 96 7096 4506 3678 9181 1390 1883 8298 9530 5784 9172 8245 9447 1190 901 5040 3082 5092 6084 4633 4599 7610 9132 4371 4462 9455 9278 6724 6710 7999 8864 9556 1439 9644 5349 2575 9895 8911 2344 9851 5753 8365 8737 8574 5181 8192 3616 5830 346 9602 5502 4769 4613 4816 529 7544 4433 8961 7145 7451 986 882 6994 2993 2597 2881 1825 9111 9163 3433 8386 7186 5522 6546 7580 3360 7807 2121 9080 8797 5976 3627 4115 4690 104 5413 1982 7452 3822 651 2572 629 5778 1530 592 5017 2019 1699 2764 5324 6780 9479 6849 8037 4551 939 5972 606 3689 9072 7391 4510 6463 4159 6445 4116 8683 9056 8558 1578 5694 3793 4674 4859 7016 2432 8780 8809 6920 3319 3930 4907 9041 9767 3645 3023 7884 5844 3868 4601 4725 6217 118 3743 5453 6851 6338 9907 7765 6989 632 4525 5068 6237 1654 3927 5217 5133 2240 4944 823 7349 7702 9350 7599 5840 875 5932 7375 8075 6810 3083 137 945 2626 1803 6283 1194 831 3430 1368 9010 8303 4449 1836 4391 2768 2215 1837 6194 218 5683 4040 5651 9113 4908 5254 9251 927 7683 1079 1704 1491 5729 7866 427 5817 3164 3012 9347 3040 4008 6431 234 205 348 7022 4636 5925 5827 2876 8734 408 4656 8462 5865 5211 5394 2439 8175 8873 8277 8527 1572 6135 641 3090 7309 6140 1096 4066 5048 8150 8364 3825 1659 2134 1872 5921 8176 9279 1829 4359 8434 5386 1503 7444 7692 3516 704 7912 9477 6485 8403 1249 8264 4755 8476 1200 2342 9804 4899 3358 3586 3852 5196 7741 7058 1772 1713 7536 6984 3659 8717 8691 6110 4995 7271 215 7051 3858 3186 7639 8582 9664 5782 2869 8346 1624 8908 5382 1286 8746 4490 619 7301 7517 9560 9969 9478 4103 121 3257 9230 409 6489 550 4446 6303 7138 349 6007 603 8623 8032 9701 3677 6040 5081 3510 1843 3464 1631 4660 3185 3398 1993 2781 1154 314 9419 1834 9167 9183 140 3692 5129 2223 8922 8702 4001 390 5555 2442 6615 7094 9282 1667 432 6538 381 3778 1706 3400 2563 2449 8238 8294 4486 9326 5508 9283 7334 147 6643 330 1062 4499 2790 1298 2030 8182 7594 8215 1907 7615 8389 7961 6141 8980 

